29	80	72
80	14	38
80	158	50
14	21	31
14	243	12
29	107	5
21	179	20
107	213	49
158	184	4
179	239	4
213	186	7
179	130	3
239	115	8
243	142	5
29	99	8
243	178	8
80	95	9
14	36	16
243	159	3
95	13	7
14	116	10
213	212	11
184	5	4
178	79	2
115	69	4
212	126	5
14	205	2
14	43	7
142	112	10
130	191	3
29	61	2
43	228	5
130	121	6
159	180	4
186	150	3
80	206	2
239	44	5
243	42	1
186	173	2
239	226	2
130	68	1
213	76	2
79	209	2
42	31	6
36	221	1
14	135	1
14	132	6
44	8	4
239	164	1
69	152	1
61	3	6
112	84	1
213	174	1
174	224	1
152	222	1
29	220	1
68	73	1
179	0	4
3	185	3
107	181	2
99	147	1
8	208	1
185	151	1
14	170	2
14	161	1
221	18	1
13	140	2
161	89	2
0	66	2
79	128	1
44	45	1
151	190	2
36	165	3
142	141	1
151	93	1
213	48	5
228	203	1
135	30	1
112	106	4
213	232	1
14	122	3
222	54	1
116	16	1
221	223	3
220	215	3
173	248	1
239	108	1
135	94	1
0	49	1
95	52	1
95	32	1
31	160	1
206	217	2
222	182	1
32	157	1
80	27	1
18	38	2
121	201	2
239	194	3
21	235	2
121	81	1
106	113	1
165	1	1
152	98	2
160	189	1
158	198	2
203	2	1
239	110	2
159	51	1
141	131	2
44	111	1
107	62	1
69	82	1
79	149	3
99	246	2
228	244	3
205	145	1
203	199	2
142	117	1
185	100	1
112	24	1
113	60	3
99	144	1
186	72	1
235	71	1
13	249	2
126	242	1
205	120	2
158	230	1
8	109	1
8	163	1
113	210	1
220	6	1
89	105	2
21	87	1
144	37	2
122	143	1
66	25	1
213	154	1
131	207	2
141	35	1
158	137	1
170	233	2
178	202	1
150	197	1
72	88	2
6	237	1
178	229	3
100	187	3
147	63	1
235	123	1
128	64	1
112	192	1
140	101	1
31	169	1
69	75	1
198	138	1
21	22	1
89	241	2
1	177	1
80	236	1
108	97	1
75	156	1
165	133	1
8	216	1
208	55	1
116	85	1
221	4	1
116	26	1
246	183	1
191	196	2
233	168	1
159	245	1
81	200	1
239	172	1
87	240	1
185	218	1
232	227	1
0	11	1
131	59	1
210	83	1
216	10	1
31	167	1
206	104	1
203	15	1
173	96	1
120	193	2
36	119	1
8	56	2
179	12	2
45	91	2
27	211	1
32	219	1
194	41	3
91	20	1
69	70	1
219	74	1
32	234	1
80	195	1
158	77	1
99	136	2
44	155	1
31	118	1
187	166	1
116	114	1
242	23	1
151	58	1
130	65	1
173	39	1
130	28	1
224	19	1
222	124	1
137	247	1
122	102	2
52	57	1
68	125	1
126	188	1
179	204	1
94	90	1
150	103	1
178	176	1
159	17	1
198	139	1
147	78	1
122	225	1
215	146	1
226	53	1
98	148	1
150	162	1
78	34	1
208	153	1
71	127	1
239	7	1
212	171	1
101	175	1
145	46	1
121	231	1
115	129	1
61	9	1
198	33	1
8	92	1
32	214	1
116	134	1
180	238	1
217	50	1
212	67	1
208	40	1
5	47	1
44	86	2
