277	9	76
277	205	65
277	425	7
277	495	23
277	422	22
277	390	2
277	320	7
277	311	1
277	410	3
277	46	1
277	204	1
277	284	1
277	457	1
277	473	1
9	281	1
9	232	1
9	275	1
205	36	1
205	182	1
205	164	1
205	121	1
205	470	1
205	77	1
313	452	1
313	442	1
313	234	1
313	76	8
87	360	1
87	393	1
87	431	3
372	221	1
372	250	1
372	235	1
372	413	1
372	151	1
372	183	6
72	379	3
72	480	2
72	294	3
439	180	1
439	170	4
425	27	2
425	51	1
425	118	1
425	274	1
379	487	2
379	492	1
379	446	7
379	459	1
495	47	1
495	301	1
495	449	1
36	106	4
36	18	1
36	163	1
36	42	1
422	94	1
422	214	1
97	20	1
97	480	2
97	142	2
296	340	6
296	378	1
296	376	1
296	395	1
296	199	2
296	350	1
146	343	1
146	302	1
146	133	2
146	190	1
146	178	1
146	483	1
146	96	1
146	333	1
146	83	2
242	285	1
242	95	1
242	299	1
242	304	1
47	385	1
47	328	1
47	211	1
47	363	1
390	159	1
390	421	1
390	347	1
390	429	1
320	162	1
320	321	1
470	380	3
470	389	3
470	101	1
470	400	1
476	147	1
476	48	6
311	15	1
311	196	1
311	76	1
340	384	1
340	310	1
340	54	1
340	314	1
446	122	1
446	132	1
365	308	2
365	2	1
365	384	1
365	255	1
217	405	1
217	254	4
350	415	2
350	456	1
350	481	1
350	493	1
200	4	1
200	458	2
288	69	1
288	39	3
288	332	1
288	463	1
288	293	1
288	374	1
288	7	3
288	298	1
68	233	1
68	280	2
387	353	1
387	276	1
387	386	2
106	434	1
106	124	1
106	398	1
106	418	1
216	61	1
216	91	1
216	60	1
216	404	1
216	267	1
216	92	3
216	37	5
32	128	1
32	19	1
32	79	2
294	414	1
294	252	2
122	273	1
122	145	1
122	245	1
415	160	1
415	5	1
410	364	1
423	248	1
423	45	2
403	381	2
403	424	1
403	52	1
403	414	1
497	228	3
497	295	1
497	186	1
497	463	2
1	244	1
1	361	1
1	283	1
1	82	1
342	251	2
121	265	1
121	75	1
121	382	1
384	263	1
384	436	1
33	272	1
33	6	4
378	494	1
378	153	1
378	278	1
90	236	1
90	152	5
177	391	1
177	22	1
177	160	2
69	215	1
69	401	3
69	451	1
69	417	3
215	485	1
159	82	1
159	38	3
198	249	1
198	41	2
198	447	1
198	117	1
371	57	1
371	119	1
371	194	1
371	208	2
380	92	1
380	303	1
380	107	1
380	462	1
380	45	1
380	359	6
11	362	2
11	221	2
103	432	2
103	120	1
368	26	1
368	19	1
368	43	1
471	466	1
471	467	1
471	124	2
452	291	1
452	317	1
452	247	1
12	498	1
12	469	1
12	279	4
12	135	1
14	64	1
14	123	2
27	29	1
278	223	1
44	56	1
44	231	1
44	262	1
44	455	2
438	73	1
438	486	1
438	493	1
438	474	1
181	333	1
181	79	2
181	141	1
38	237	1
51	312	1
51	138	1
414	330	1
8	112	1
8	225	1
8	26	2
8	377	1
270	195	1
270	300	1
270	186	1
301	123	1
301	397	2
254	312	1
228	351	1
244	437	1
160	13	1
160	491	1
71	460	1
71	480	1
71	46	1
59	113	2
59	101	1
136	201	1
136	357	1
136	373	1
136	174	1
136	287	1
136	482	1
194	111	1
359	426	1
359	316	1
165	65	1
165	267	2
343	192	1
164	455	1
166	292	1
166	358	1
166	209	1
166	266	1
166	48	2
34	331	1
34	100	1
292	396	1
292	81	1
323	48	1
323	484	1
154	322	1
154	319	1
154	192	2
154	184	2
154	441	1
142	427	1
142	309	1
61	408	1
30	129	2
30	399	1
265	137	1
37	74	2
37	35	1
467	219	1
467	407	1
39	479	1
157	125	1
157	334	3
362	21	1
362	63	1
70	458	1
70	144	1
70	131	2
186	411	1
78	271	1
78	256	1
219	150	1
351	433	1
351	339	1
411	352	1
494	253	1
156	489	1
94	17	1
144	220	1
144	346	1
128	53	1
394	187	1
394	354	1
153	127	1
302	419	1
302	306	1
17	399	1
139	55	1
139	493	1
139	188	1
129	475	1
130	191	2
130	448	1
421	428	1
405	170	1
112	0	1
25	328	1
466	269	1
466	341	1
397	148	1
57	84	1
91	478	1
91	83	1
324	409	1
324	448	1
408	58	1
408	114	1
408	179	1
408	345	1
179	229	1
179	334	1
113	241	1
113	239	3
7	206	1
7	175	2
58	431	1
141	212	1
356	222	1
356	193	1
356	75	2
463	243	1
434	110	1
434	238	1
434	392	1
293	354	1
258	239	1
386	327	1
386	247	3
250	207	1
478	335	1
478	23	1
461	489	2
308	99	1
308	108	1
168	248	1
46	304	1
344	442	1
460	67	1
135	63	4
224	88	2
224	230	1
472	202	1
472	318	1
99	257	1
185	377	1
185	297	2
29	454	1
148	326	1
391	499	1
391	402	1
484	80	1
229	167	1
229	490	1
67	443	1
67	126	1
412	453	2
412	172	1
412	161	2
412	450	1
22	338	1
432	93	1
432	98	1
385	158	1
125	331	1
383	89	1
383	127	1
252	149	1
252	116	8
84	305	1
282	231	1
328	430	1
347	336	1
479	496	2
418	290	1
66	162	1
88	175	1
88	268	1
119	370	1
222	104	4
469	465	1
105	354	1
199	134	1
191	102	1
442	264	3
442	348	1
442	140	1
269	325	1
149	464	1
175	189	1
175	173	1
487	435	1
246	42	1
174	109	1
49	169	1
49	303	1
290	6	1
261	257	1
117	314	3
79	161	1
235	203	1
203	155	1
416	111	1
93	366	1
93	259	3
197	429	1
3	445	1
40	243	1
40	24	1
218	52	1
143	233	1
190	62	1
445	318	1
445	102	1
315	31	1
315	492	1
315	388	1
28	102	1
152	492	1
163	286	1
120	489	4
120	447	1
256	353	2
227	382	2
226	251	1
115	488	1
75	208	1
26	307	1
260	337	1
243	131	1
86	303	2
73	289	1
382	468	1
192	230	4
102	183	1
349	104	1
440	210	3
232	50	1
240	326	1
420	76	1
100	10	1
176	455	1
369	131	2
231	355	1
80	492	1
80	251	1
429	134	1
364	444	1
488	24	1
373	435	1
477	76	4
375	468	1
464	406	4
16	259	1
126	213	1
367	140	1
283	280	2
337	348	1
210	327	1
236	448	2
490	329	1
275	85	1
251	171	7
