D=19
0	1	70
0	2	45
0	3	16
0	4	64
0	5	86
0	6	37
0	7	18
0	8	68
0	9	94
0	10	92
0	11	85
0	12	35
0	13	80
0	14	17
0	15	67
0	16	15
0	17	45
0	18	62
0	19	69
0	20	69
0	21	72
0	22	52
0	23	67
0	24	30
0	25	27
0	26	77
0	27	54
0	28	22
0	29	18
0	30	20
0	31	20
0	32	25
0	33	27
0	34	64
0	35	97
0	36	55
0	37	33
0	38	40
0	39	56
0	40	79
0	41	18
0	42	67
0	43	100
0	44	62
0	45	52
0	46	18
0	47	72
0	48	65
0	49	83
0	50	26
0	51	54
0	52	95
0	53	28
0	54	33
0	55	85
0	56	80
0	57	15
0	58	28
0	59	25
0	60	69
0	61	76
0	62	76
0	63	70
0	64	83
0	65	91
0	66	68
0	67	91
0	68	19
0	69	54
0	70	68
0	71	61
0	72	4
0	73	31
0	74	15
0	75	35
0	76	95
0	77	70
0	78	19
0	79	68
0	80	100
0	81	90
0	82	30
0	83	81
0	84	5
1	2	80
1	3	68
1	4	16
1	5	8
1	6	53
1	7	14
1	8	72
1	9	29
1	10	41
1	11	76
1	12	41
1	13	5
1	14	21
1	15	95
1	16	65
1	17	83
1	18	24
1	19	33
1	20	8
1	21	18
1	22	4
1	23	24
1	24	1
1	25	24
1	26	18
1	27	45
1	28	63
1	29	96
1	30	87
1	31	44
1	32	85
1	33	37
1	34	64
1	35	54
1	36	67
1	37	4
1	38	14
1	39	5
1	40	44
1	41	49
1	42	76
1	43	28
1	44	18
1	45	61
1	46	89
1	47	91
1	48	17
1	49	60
1	50	48
1	51	8
1	52	21
1	53	56
1	54	79
1	55	72
1	56	71
1	57	60
1	58	7
1	59	45
1	60	69
1	61	52
1	62	75
1	63	80
1	64	65
1	65	41
1	66	59
1	67	17
1	68	75
1	69	27
1	70	93
1	71	58
1	72	85
1	73	70
1	74	2
1	75	53
1	76	2
1	77	94
1	78	89
1	79	82
1	80	77
1	81	24
1	82	100
1	83	45
1	84	99
2	3	55
2	4	65
2	5	46
2	6	93
2	7	57
2	8	4
2	9	7
2	10	100
2	11	22
2	12	47
2	13	54
2	14	46
2	15	16
2	16	86
2	17	15
2	18	23
2	19	61
2	20	100
2	21	20
2	22	40
2	23	4
2	24	24
2	25	72
2	26	1
2	27	79
2	28	79
2	29	77
2	30	2
2	31	11
2	32	59
2	33	17
2	34	4
2	35	9
2	36	29
2	37	91
2	38	74
2	39	48
2	40	55
2	41	40
2	42	14
2	43	77
2	44	100
2	45	73
2	46	86
2	47	38
2	48	71
2	49	16
2	50	16
2	51	83
2	52	80
2	53	40
2	54	49
2	55	82
2	56	46
2	57	9
2	58	91
2	59	100
2	60	4
2	61	90
2	62	65
2	63	95
2	64	13
2	65	20
2	66	45
2	67	77
2	68	61
2	69	79
2	70	21
2	71	76
2	72	35
2	73	78
2	74	33
2	75	97
2	76	55
2	77	14
2	78	93
2	79	76
2	80	75
2	81	5
2	82	88
2	83	41
2	84	92
3	4	74
3	5	38
3	6	1
3	7	59
3	8	10
3	9	24
3	10	36
3	11	94
3	12	22
3	13	9
3	14	27
3	15	12
3	16	35
3	17	32
3	18	75
3	19	27
3	20	94
3	21	19
3	22	22
3	23	47
3	24	77
3	25	16
3	26	6
3	27	31
3	28	88
3	29	99
3	30	51
3	31	27
3	32	91
3	33	8
3	34	14
3	35	48
3	36	86
3	37	79
3	38	14
3	39	73
3	40	9
3	41	6
3	42	80
3	43	70
3	44	60
3	45	85
3	46	26
3	47	61
3	48	18
3	49	50
3	50	47
3	51	38
3	52	50
3	53	61
3	54	10
3	55	43
3	56	18
3	57	56
3	58	78
3	59	79
3	60	12
3	61	62
3	62	50
3	63	27
3	64	10
3	65	9
3	66	72
3	67	85
3	68	47
3	69	9
3	70	97
3	71	30
3	72	53
3	73	36
3	74	74
3	75	90
3	76	21
3	77	29
3	78	27
3	79	18
3	80	48
3	81	19
3	82	40
3	83	89
3	84	31
4	5	80
4	6	46
4	7	9
4	8	99
4	9	84
4	10	80
4	11	28
4	12	68
4	13	41
4	14	58
4	15	85
4	16	55
4	17	92
4	18	92
4	19	17
4	20	97
4	21	60
4	22	30
4	23	49
4	24	65
4	25	84
4	26	65
4	27	10
4	28	20
4	29	20
4	30	53
4	31	57
4	32	63
4	33	65
4	34	33
4	35	97
4	36	70
4	37	46
4	38	81
4	39	77
4	40	37
4	41	92
4	42	45
4	43	82
4	44	93
4	45	88
4	46	79
4	47	6
4	48	45
4	49	57
4	50	69
4	51	81
4	52	18
4	53	99
4	54	1
4	55	63
4	56	79
4	57	24
4	58	24
4	59	64
4	60	49
4	61	71
4	62	76
4	63	97
4	64	71
4	65	16
4	66	54
4	67	53
4	68	29
4	69	68
4	70	21
4	71	26
4	72	57
4	73	41
4	74	20
4	75	7
4	76	59
4	77	29
4	78	2
4	79	27
4	80	80
4	81	34
4	82	72
4	83	43
4	84	68
5	6	96
5	7	93
5	8	1
5	9	68
5	10	81
5	11	63
5	12	42
5	13	51
5	14	68
5	15	93
5	16	33
5	17	58
5	18	43
5	19	80
5	20	55
5	21	17
5	22	54
5	23	65
5	24	16
5	25	67
5	26	39
5	27	69
5	28	39
5	29	49
5	30	61
5	31	64
5	32	78
5	33	74
5	34	63
5	35	17
5	36	10
5	37	8
5	38	82
5	39	24
5	40	17
5	41	29
5	42	84
5	43	35
5	44	93
5	45	55
5	46	44
5	47	100
5	48	39
5	49	70
5	50	21
5	51	81
5	52	31
5	53	20
5	54	69
5	55	87
5	56	45
5	57	20
5	58	67
5	59	45
5	60	88
5	61	81
5	62	57
5	63	44
5	64	29
5	65	81
5	66	2
5	67	52
5	68	80
5	69	49
5	70	64
5	71	41
5	72	95
5	73	90
5	74	31
5	75	24
5	76	61
5	77	77
5	78	52
5	79	20
5	80	84
5	81	14
5	82	50
5	83	26
5	84	16
6	7	53
6	8	63
6	9	2
6	10	10
6	11	98
6	12	22
6	13	58
6	14	1
6	15	96
6	16	91
6	17	78
6	18	92
6	19	32
6	20	36
6	21	57
6	22	51
6	23	23
6	24	44
6	25	8
6	26	61
6	27	10
6	28	23
6	29	53
6	30	6
6	31	7
6	32	96
6	33	28
6	34	60
6	35	48
6	36	19
6	37	73
6	38	45
6	39	36
6	40	13
6	41	70
6	42	74
6	43	54
6	44	71
6	45	12
6	46	46
6	47	53
6	48	1
6	49	54
6	50	39
6	51	55
6	52	59
6	53	4
6	54	67
6	55	76
6	56	33
6	57	96
6	58	16
6	59	70
6	60	14
6	61	64
6	62	52
6	63	95
6	64	15
6	65	44
6	66	64
6	67	88
6	68	20
6	69	65
6	70	29
6	71	44
6	72	12
6	73	61
6	74	78
6	75	71
6	76	12
6	77	16
6	78	22
6	79	81
6	80	70
6	81	79
6	82	11
6	83	25
6	84	91
7	8	2
7	9	29
7	10	97
7	11	22
7	12	62
7	13	47
7	14	90
7	15	77
7	16	75
7	17	12
7	18	34
7	19	35
7	20	78
7	21	69
7	22	24
7	23	74
7	24	29
7	25	5
7	26	76
7	27	67
7	28	81
7	29	34
7	30	60
7	31	27
7	32	35
7	33	54
7	34	77
7	35	61
7	36	80
7	37	1
7	38	95
7	39	71
7	40	21
7	41	22
7	42	45
7	43	12
7	44	99
7	45	91
7	46	4
7	47	26
7	48	63
7	49	28
7	50	12
7	51	91
7	52	19
7	53	42
7	54	7
7	55	25
7	56	58
7	57	43
7	58	3
7	59	62
7	60	19
7	61	71
7	62	3
7	63	47
7	64	75
7	65	77
7	66	34
7	67	75
7	68	3
7	69	49
7	70	10
7	71	15
7	72	85
7	73	39
7	74	25
7	75	87
7	76	21
7	77	41
7	78	85
7	79	49
7	80	96
7	81	62
7	82	30
7	83	56
7	84	72
8	9	2
8	10	71
8	11	12
8	12	23
8	13	56
8	14	54
8	15	68
8	16	60
8	17	21
8	18	60
8	19	70
8	20	86
8	21	57
8	22	55
8	23	35
8	24	21
8	25	31
8	26	100
8	27	97
8	28	33
8	29	28
8	30	49
8	31	42
8	32	37
8	33	88
8	34	34
8	35	64
8	36	66
8	37	74
8	38	20
8	39	16
8	40	89
8	41	35
8	42	78
8	43	98
8	44	39
8	45	8
8	46	92
8	47	18
8	48	25
8	49	21
8	50	16
8	51	51
8	52	50
8	53	100
8	54	17
8	55	52
8	56	45
8	57	32
8	58	88
8	59	52
8	60	76
8	61	12
8	62	64
8	63	1
8	64	54
8	65	75
8	66	62
8	67	53
8	68	82
8	69	86
8	70	80
8	71	63
8	72	73
8	73	46
8	74	40
8	75	9
8	76	99
8	77	69
8	78	16
8	79	20
8	80	77
8	81	7
8	82	31
8	83	61
8	84	68
9	10	79
9	11	68
9	12	38
9	13	92
9	14	99
9	15	59
9	16	68
9	17	89
9	18	69
9	19	80
9	20	80
9	21	66
9	22	8
9	23	68
9	24	40
9	25	25
9	26	72
9	27	45
9	28	25
9	29	45
9	30	66
9	31	90
9	32	27
9	33	27
9	34	49
9	35	89
9	36	43
9	37	82
9	38	80
9	39	27
9	40	29
9	41	73
9	42	9
9	43	58
9	44	40
9	45	90
9	46	96
9	47	8
9	48	60
9	49	62
9	50	62
9	51	1
9	52	23
9	53	85
9	54	42
9	55	22
9	56	46
9	57	40
9	58	17
9	59	67
9	60	2
9	61	34
9	62	55
9	63	88
9	64	55
9	65	91
9	66	26
9	67	1
9	68	19
9	69	8
9	70	78
9	71	100
9	72	37
9	73	93
9	74	18
9	75	1
9	76	20
9	77	60
9	78	55
9	79	94
9	80	11
9	81	3
9	82	57
9	83	81
9	84	69
10	11	55
10	12	29
10	13	83
10	14	18
10	15	68
10	16	47
10	17	57
10	18	46
10	19	81
10	20	11
10	21	19
10	22	97
10	23	45
10	24	74
10	25	94
10	26	65
10	27	45
10	28	83
10	29	56
10	30	96
10	31	28
10	32	81
10	33	64
10	34	92
10	35	97
10	36	21
10	37	48
10	38	47
10	39	77
10	40	38
10	41	54
10	42	83
10	43	6
10	44	90
10	45	93
10	46	91
10	47	16
10	48	76
10	49	77
10	50	53
10	51	20
10	52	67
10	53	59
10	54	51
10	55	83
10	56	7
10	57	17
10	58	91
10	59	27
10	60	15
10	61	98
10	62	5
10	63	37
10	64	58
10	65	87
10	66	58
10	67	63
10	68	81
10	69	84
10	70	24
10	71	39
10	72	57
10	73	78
10	74	26
10	75	87
10	76	98
10	77	9
10	78	90
10	79	57
10	80	29
10	81	93
10	82	39
10	83	83
10	84	62
11	12	68
11	13	57
11	14	86
11	15	26
11	16	48
11	17	16
11	18	14
11	19	83
11	20	59
11	21	51
11	22	88
11	23	54
11	24	22
11	25	5
11	26	63
11	27	9
11	28	54
11	29	20
11	30	7
11	31	13
11	32	64
11	33	51
11	34	43
11	35	24
11	36	15
11	37	80
11	38	23
11	39	40
11	40	56
11	41	72
11	42	21
11	43	6
11	44	60
11	45	79
11	46	61
11	47	40
11	48	60
11	49	82
11	50	63
11	51	88
11	52	78
11	53	2
11	54	5
11	55	30
11	56	68
11	57	64
11	58	83
11	59	87
11	60	5
11	61	22
11	62	24
11	63	16
11	64	32
11	65	39
11	66	85
11	67	14
11	68	89
11	69	37
11	70	37
11	71	17
11	72	19
11	73	77
11	74	4
11	75	29
11	76	52
11	77	51
11	78	70
11	79	5
11	80	99
11	81	22
11	82	46
11	83	92
11	84	20
12	13	80
12	14	30
12	15	46
12	16	9
12	17	5
12	18	15
12	19	39
12	20	26
12	21	19
12	22	47
12	23	57
12	24	25
12	25	68
12	26	66
12	27	96
12	28	29
12	29	97
12	30	59
12	31	54
12	32	58
12	33	68
12	34	18
12	35	78
12	36	14
12	37	70
12	38	33
12	39	76
12	40	80
12	41	35
12	42	4
12	43	44
12	44	18
12	45	10
12	46	24
12	47	30
12	48	36
12	49	35
12	50	62
12	51	78
12	52	67
12	53	18
12	54	36
12	55	4
12	56	35
12	57	99
12	58	22
12	59	3
12	60	85
12	61	41
12	62	55
12	63	94
12	64	36
12	65	3
12	66	86
12	67	46
12	68	18
12	69	37
12	70	38
12	71	88
12	72	1
12	73	74
12	74	76
12	75	99
12	76	73
12	77	24
12	78	3
12	79	71
12	80	64
12	81	78
12	82	39
12	83	83
12	84	92
13	14	55
13	15	78
13	16	21
13	17	65
13	18	42
13	19	56
13	20	42
13	21	39
13	22	100
13	23	6
13	24	64
13	25	37
13	26	100
13	27	71
13	28	57
13	29	66
13	30	95
13	31	99
13	32	7
13	33	71
13	34	24
13	35	70
13	36	79
13	37	41
13	38	15
13	39	51
13	40	96
13	41	77
13	42	29
13	43	52
13	44	17
13	45	68
13	46	21
13	47	91
13	48	13
13	49	27
13	50	80
13	51	8
13	52	83
13	53	55
13	54	80
13	55	20
13	56	51
13	57	13
13	58	45
13	59	55
13	60	21
13	61	58
13	62	91
13	63	24
13	64	29
13	65	12
13	66	3
13	67	29
13	68	95
13	69	81
13	70	100
13	71	73
13	72	70
13	73	100
13	74	6
13	75	51
13	76	55
13	77	49
13	78	50
13	79	26
13	80	1
13	81	89
13	82	14
13	83	47
13	84	51
14	15	21
14	16	50
14	17	92
14	18	63
14	19	85
14	20	70
14	21	99
14	22	9
14	23	18
14	24	79
14	25	46
14	26	65
14	27	32
14	28	65
14	29	71
14	30	74
14	31	55
14	32	94
14	33	45
14	34	34
14	35	55
14	36	5
14	37	27
14	38	48
14	39	70
14	40	46
14	41	17
14	42	70
14	43	22
14	44	21
14	45	86
14	46	41
14	47	31
14	48	56
14	49	22
14	50	31
14	51	50
14	52	99
14	53	70
14	54	1
14	55	61
14	56	27
14	57	15
14	58	65
14	59	4
14	60	58
14	61	54
14	62	39
14	63	22
14	64	38
14	65	80
14	66	23
14	67	59
14	68	37
14	69	33
14	70	92
14	71	22
14	72	95
14	73	64
14	74	33
14	75	86
14	76	39
14	77	73
14	78	97
14	79	19
14	80	9
14	81	88
14	82	49
14	83	97
14	84	5
15	16	44
15	17	39
15	18	13
15	19	33
15	20	27
15	21	13
15	22	6
15	23	51
15	24	99
15	25	2
15	26	54
15	27	63
15	28	60
15	29	66
15	30	38
15	31	37
15	32	15
15	33	60
15	34	91
15	35	30
15	36	5
15	37	78
15	38	81
15	39	19
15	40	70
15	41	10
15	42	31
15	43	32
15	44	31
15	45	33
15	46	3
15	47	22
15	48	32
15	49	69
15	50	100
15	51	58
15	52	19
15	53	12
15	54	1
15	55	7
15	56	99
15	57	26
15	58	10
15	59	95
15	60	23
15	61	16
15	62	95
15	63	12
15	64	94
15	65	54
15	66	78
15	67	63
15	68	85
15	69	19
15	70	64
15	71	53
15	72	39
15	73	57
15	74	65
15	75	69
15	76	10
15	77	50
15	78	22
15	79	45
15	80	46
15	81	98
15	82	57
15	83	58
15	84	17
16	17	53
16	18	45
16	19	46
16	20	70
16	21	16
16	22	34
16	23	30
16	24	56
16	25	2
16	26	18
16	27	5
16	28	74
16	29	43
16	30	44
16	31	56
16	32	3
16	33	67
16	34	67
16	35	81
16	36	42
16	37	80
16	38	72
16	39	81
16	40	4
16	41	41
16	42	53
16	43	76
16	44	23
16	45	94
16	46	58
16	47	85
16	48	97
16	49	77
16	50	21
16	51	76
16	52	63
16	53	80
16	54	14
16	55	11
16	56	66
16	57	14
16	58	36
16	59	23
16	60	57
16	61	68
16	62	46
16	63	57
16	64	67
16	65	59
16	66	51
16	67	78
16	68	54
16	69	34
16	70	24
16	71	27
16	72	38
16	73	80
16	74	5
16	75	86
16	76	68
16	77	22
16	78	38
16	79	41
16	80	94
16	81	17
16	82	17
16	83	89
16	84	71
17	18	99
17	19	22
17	20	59
17	21	63
17	22	28
17	23	34
17	24	94
17	25	15
17	26	90
17	27	1
17	28	91
17	29	82
17	30	82
17	31	89
17	32	96
17	33	90
17	34	80
17	35	15
17	36	6
17	37	43
17	38	6
17	39	59
17	40	78
17	41	35
17	42	20
17	43	83
17	44	35
17	45	43
17	46	3
17	47	13
17	48	63
17	49	77
17	50	78
17	51	100
17	52	87
17	53	90
17	54	100
17	55	23
17	56	67
17	57	77
17	58	65
17	59	81
17	60	32
17	61	88
17	62	56
17	63	75
17	64	34
17	65	69
17	66	53
17	67	95
17	68	56
17	69	21
17	70	86
17	71	52
17	72	29
17	73	69
17	74	70
17	75	59
17	76	20
17	77	4
17	78	83
17	79	42
17	80	46
17	81	12
17	82	83
17	83	3
17	84	90
18	19	53
18	20	12
18	21	65
18	22	76
18	23	19
18	24	26
18	25	10
18	26	18
18	27	99
18	28	53
18	29	94
18	30	54
18	31	14
18	32	11
18	33	54
18	34	49
18	35	39
18	36	13
18	37	44
18	38	1
18	39	42
18	40	82
18	41	62
18	42	48
18	43	53
18	44	76
18	45	6
18	46	12
18	47	7
18	48	9
18	49	21
18	50	65
18	51	67
18	52	40
18	53	12
18	54	54
18	55	99
18	56	23
18	57	82
18	58	51
18	59	12
18	60	78
18	61	64
18	62	36
18	63	88
18	64	69
18	65	49
18	66	84
18	67	22
18	68	27
18	69	5
18	70	8
18	71	15
18	72	93
18	73	92
18	74	78
18	75	13
18	76	88
18	77	18
18	78	88
18	79	44
18	80	32
18	81	44
18	82	48
18	83	59
18	84	38
19	20	42
19	21	16
19	22	63
19	23	44
19	24	19
19	25	71
19	26	99
19	27	78
19	28	55
19	29	12
19	30	100
19	31	6
19	32	57
19	33	44
19	34	12
19	35	74
19	36	88
19	37	41
19	38	90
19	39	25
19	40	7
19	41	31
19	42	66
19	43	7
19	44	72
19	45	69
19	46	24
19	47	88
19	48	42
19	49	47
19	50	75
19	51	46
19	52	87
19	53	76
19	54	42
19	55	97
19	56	39
19	57	42
19	58	15
19	59	4
19	60	26
19	61	66
19	62	45
19	63	18
19	64	69
19	65	85
19	66	96
19	67	10
19	68	61
19	69	18
19	70	3
19	71	3
19	72	50
19	73	46
19	74	33
19	75	16
19	76	38
19	77	53
19	78	88
19	79	75
19	80	49
19	81	63
19	82	68
19	83	60
19	84	20
20	21	49
20	22	45
20	23	14
20	24	79
20	25	41
20	26	71
20	27	92
20	28	33
20	29	90
20	30	49
20	31	57
20	32	47
20	33	5
20	34	44
20	35	7
20	36	58
20	37	31
20	38	53
20	39	75
20	40	34
20	41	50
20	42	22
20	43	17
20	44	77
20	45	45
20	46	43
20	47	71
20	48	80
20	49	98
20	50	31
20	51	68
20	52	49
20	53	39
20	54	23
20	55	36
20	56	67
20	57	49
20	58	71
20	59	89
20	60	55
20	61	57
20	62	87
20	63	98
20	64	50
20	65	41
20	66	15
20	67	89
20	68	45
20	69	33
20	70	73
20	71	90
20	72	91
20	73	91
20	74	97
20	75	14
20	76	66
20	77	35
20	78	56
20	79	52
20	80	19
20	81	82
20	82	41
20	83	18
20	84	3
21	22	4
21	23	19
21	24	4
21	25	53
21	26	37
21	27	13
21	28	47
21	29	16
21	30	41
21	31	86
21	32	43
21	33	47
21	34	14
21	35	32
21	36	92
21	37	22
21	38	17
21	39	11
21	40	5
21	41	16
21	42	14
21	43	28
21	44	55
21	45	10
21	46	29
21	47	58
21	48	20
21	49	12
21	50	12
21	51	83
21	52	23
21	53	58
21	54	10
21	55	91
21	56	29
21	57	56
21	58	23
21	59	44
21	60	67
21	61	40
21	62	96
21	63	20
21	64	2
21	65	30
21	66	46
21	67	85
21	68	14
21	69	86
21	70	65
21	71	9
21	72	64
21	73	33
21	74	19
21	75	28
21	76	63
21	77	76
21	78	31
21	79	58
21	80	39
21	81	35
21	82	98
21	83	65
21	84	22
22	23	28
22	24	77
22	25	94
22	26	21
22	27	6
22	28	51
22	29	30
22	30	84
22	31	85
22	32	59
22	33	96
22	34	11
22	35	86
22	36	98
22	37	45
22	38	76
22	39	31
22	40	65
22	41	71
22	42	51
22	43	9
22	44	85
22	45	52
22	46	38
22	47	83
22	48	12
22	49	83
22	50	88
22	51	55
22	52	31
22	53	61
22	54	40
22	55	58
22	56	61
22	57	1
22	58	63
22	59	82
22	60	97
22	61	60
22	62	86
22	63	38
22	64	32
22	65	46
22	66	43
22	67	2
22	68	6
22	69	99
22	70	66
22	71	22
22	72	2
22	73	43
22	74	40
22	75	90
22	76	78
22	77	20
22	78	44
22	79	97
22	80	88
22	81	27
22	82	50
22	83	16
22	84	76
23	24	7
23	25	99
23	26	38
23	27	92
23	28	57
23	29	96
23	30	62
23	31	94
23	32	29
23	33	92
23	34	19
23	35	10
23	36	34
23	37	68
23	38	23
23	39	74
23	40	57
23	41	66
23	42	69
23	43	25
23	44	24
23	45	88
23	46	7
23	47	65
23	48	86
23	49	91
23	50	10
23	51	65
23	52	17
23	53	25
23	54	80
23	55	92
23	56	79
23	57	19
23	58	5
23	59	86
23	60	86
23	61	77
23	62	40
23	63	73
23	64	8
23	65	95
23	66	30
23	67	98
23	68	79
23	69	16
23	70	12
23	71	97
23	72	70
23	73	73
23	74	6
23	75	55
23	76	78
23	77	29
23	78	2
23	79	72
23	80	7
23	81	91
23	82	65
23	83	76
23	84	88
24	25	21
24	26	33
24	27	24
24	28	60
24	29	93
24	30	68
24	31	5
24	32	8
24	33	92
24	34	72
24	35	49
24	36	86
24	37	94
24	38	58
24	39	84
24	40	88
24	41	79
24	42	61
24	43	8
24	44	74
24	45	1
24	46	77
24	47	41
24	48	83
24	49	78
24	50	95
24	51	95
24	52	41
24	53	80
24	54	94
24	55	33
24	56	62
24	57	43
24	58	83
24	59	64
24	60	59
24	61	27
24	62	31
24	63	6
24	64	83
24	65	5
24	66	19
24	67	34
24	68	35
24	69	76
24	70	46
24	71	57
24	72	4
24	73	29
24	74	12
24	75	33
24	76	77
24	77	97
24	78	13
24	79	20
24	80	35
24	81	66
24	82	69
24	83	16
24	84	100
25	26	90
25	27	20
25	28	78
25	29	30
25	30	40
25	31	40
25	32	56
25	33	53
25	34	56
25	35	95
25	36	19
25	37	70
25	38	27
25	39	8
25	40	100
25	41	13
25	42	98
25	43	61
25	44	100
25	45	93
25	46	21
25	47	12
25	48	16
25	49	72
25	50	23
25	51	96
25	52	51
25	53	33
25	54	70
25	55	77
25	56	44
25	57	44
25	58	29
25	59	11
25	60	41
25	61	43
25	62	9
25	63	64
25	64	73
25	65	100
25	66	97
25	67	86
25	68	37
25	69	75
25	70	38
25	71	71
25	72	57
25	73	60
25	74	32
25	75	40
25	76	48
25	77	13
25	78	49
25	79	89
25	80	51
25	81	79
25	82	24
25	83	48
25	84	53
26	27	49
26	28	60
26	29	18
26	30	14
26	31	36
26	32	9
26	33	42
26	34	2
26	35	13
26	36	27
26	37	32
26	38	65
26	39	14
26	40	44
26	41	1
26	42	14
26	43	16
26	44	70
26	45	95
26	46	24
26	47	47
26	48	47
26	49	6
26	50	95
26	51	91
26	52	98
26	53	34
26	54	37
26	55	91
26	56	48
26	57	20
26	58	16
26	59	23
26	60	64
26	61	7
26	62	79
26	63	24
26	64	29
26	65	66
26	66	18
26	67	18
26	68	6
26	69	22
26	70	60
26	71	47
26	72	81
26	73	2
26	74	100
26	75	98
26	76	11
26	77	79
26	78	21
26	79	20
26	80	3
26	81	66
26	82	98
26	83	23
26	84	39
27	28	59
27	29	9
27	30	78
27	31	98
27	32	81
27	33	11
27	34	32
27	35	55
27	36	54
27	37	71
27	38	57
27	39	43
27	40	97
27	41	6
27	42	57
27	43	26
27	44	8
27	45	15
27	46	27
27	47	24
27	48	71
27	49	62
27	50	28
27	51	37
27	52	29
27	53	3
27	54	64
27	55	25
27	56	49
27	57	35
27	58	54
27	59	72
27	60	93
27	61	48
27	62	87
27	63	43
27	64	92
27	65	5
27	66	69
27	67	56
27	68	3
27	69	4
27	70	70
27	71	85
27	72	80
27	73	85
27	74	9
27	75	52
27	76	81
27	77	75
27	78	61
27	79	56
27	80	76
27	81	99
27	82	33
27	83	82
27	84	47
28	29	15
28	30	90
28	31	70
28	32	65
28	33	90
28	34	79
28	35	49
28	36	19
28	37	87
28	38	33
28	39	65
28	40	24
28	41	18
28	42	61
28	43	6
28	44	34
28	45	24
28	46	5
28	47	64
28	48	15
28	49	46
28	50	47
28	51	75
28	52	31
28	53	32
28	54	67
28	55	90
28	56	91
28	57	10
28	58	8
28	59	61
28	60	39
28	61	30
28	62	64
28	63	16
28	64	78
28	65	16
28	66	66
28	67	35
28	68	56
28	69	70
28	70	89
28	71	83
28	72	33
28	73	28
28	74	47
28	75	87
28	76	84
28	77	40
28	78	94
28	79	37
28	80	81
28	81	7
28	82	23
28	83	94
28	84	31
29	30	69
29	31	95
29	32	82
29	33	8
29	34	8
29	35	47
29	36	28
29	37	26
29	38	50
29	39	62
29	40	95
29	41	41
29	42	31
29	43	9
29	44	35
29	45	93
29	46	61
29	47	85
29	48	37
29	49	76
29	50	22
29	51	72
29	52	80
29	53	24
29	54	100
29	55	57
29	56	8
29	57	45
29	58	80
29	59	40
29	60	27
29	61	35
29	62	68
29	63	65
29	64	72
29	65	35
29	66	89
29	67	56
29	68	2
29	69	70
29	70	46
29	71	91
29	72	40
29	73	33
29	74	95
29	75	11
29	76	40
29	77	16
29	78	29
29	79	68
29	80	9
29	81	65
29	82	55
29	83	3
29	84	54
30	31	20
30	32	54
30	33	31
30	34	55
30	35	7
30	36	9
30	37	44
30	38	74
30	39	23
30	40	10
30	41	85
30	42	100
30	43	85
30	44	84
30	45	46
30	46	39
30	47	5
30	48	95
30	49	17
30	50	62
30	51	76
30	52	85
30	53	2
30	54	25
30	55	77
30	56	90
30	57	43
30	58	89
30	59	85
30	60	95
30	61	40
30	62	55
30	63	46
30	64	78
30	65	52
30	66	28
30	67	27
30	68	17
30	69	86
30	70	32
30	71	2
30	72	76
30	73	82
30	74	21
30	75	69
30	76	1
30	77	20
30	78	97
30	79	66
30	80	61
30	81	18
30	82	50
30	83	71
30	84	33
31	32	96
31	33	59
31	34	62
31	35	68
31	36	57
31	37	99
31	38	70
31	39	81
31	40	77
31	41	94
31	42	1
31	43	22
31	44	64
31	45	46
31	46	8
31	47	14
31	48	60
31	49	50
31	50	51
31	51	13
31	52	63
31	53	65
31	54	29
31	55	62
31	56	54
31	57	38
31	58	45
31	59	48
31	60	11
31	61	69
31	62	23
31	63	11
31	64	48
31	65	36
31	66	34
31	67	75
31	68	51
31	69	47
31	70	55
31	71	99
31	72	41
31	73	77
31	74	87
31	75	84
31	76	53
31	77	67
31	78	99
31	79	91
31	80	33
31	81	53
31	82	65
31	83	79
31	84	100
32	33	41
32	34	21
32	35	52
32	36	64
32	37	87
32	38	63
32	39	29
32	40	32
32	41	27
32	42	44
32	43	40
32	44	55
32	45	13
32	46	23
32	47	27
32	48	29
32	49	62
32	50	54
32	51	87
32	52	89
32	53	73
32	54	71
32	55	33
32	56	29
32	57	79
32	58	3
32	59	20
32	60	51
32	61	99
32	62	59
32	63	97
32	64	18
32	65	50
32	66	64
32	67	95
32	68	96
32	69	29
32	70	91
32	71	97
32	72	78
32	73	84
32	74	64
32	75	27
32	76	81
32	77	6
32	78	87
32	79	4
32	80	74
32	81	26
32	82	80
32	83	85
32	84	74
33	34	10
33	35	92
33	36	24
33	37	9
33	38	19
33	39	39
33	40	11
33	41	13
33	42	31
33	43	12
33	44	46
33	45	93
33	46	1
33	47	50
33	48	71
33	49	80
33	50	5
33	51	95
33	52	10
33	53	88
33	54	53
33	55	60
33	56	38
33	57	39
33	58	14
33	59	89
33	60	76
33	61	33
33	62	14
33	63	57
33	64	22
33	65	44
33	66	48
33	67	71
33	68	67
33	69	57
33	70	54
33	71	85
33	72	88
33	73	67
33	74	58
33	75	7
33	76	32
33	77	48
33	78	33
33	79	61
33	80	49
33	81	9
33	82	90
33	83	92
33	84	1
34	35	34
34	36	77
34	37	95
34	38	92
34	39	87
34	40	96
34	41	86
34	42	81
34	43	70
34	44	50
34	45	44
34	46	79
34	47	80
34	48	45
34	49	73
34	50	6
34	51	3
34	52	24
34	53	22
34	54	21
34	55	71
34	56	30
34	57	52
34	58	64
34	59	7
34	60	11
34	61	48
34	62	71
34	63	80
34	64	12
34	65	6
34	66	94
34	67	43
34	68	41
34	69	23
34	70	32
34	71	39
34	72	83
34	73	8
34	74	59
34	75	33
34	76	37
34	77	44
34	78	30
34	79	49
34	80	71
34	81	4
34	82	27
34	83	72
34	84	8
35	36	43
35	37	43
35	38	52
35	39	48
35	40	28
35	41	72
35	42	66
35	43	53
35	44	38
35	45	65
35	46	16
35	47	45
35	48	40
35	49	83
35	50	16
35	51	57
35	52	5
35	53	78
35	54	43
35	55	30
35	56	79
35	57	79
35	58	12
35	59	59
35	60	57
35	61	2
35	62	72
35	63	55
35	64	28
35	65	27
35	66	78
35	67	69
35	68	9
35	69	45
35	70	56
35	71	63
35	72	86
35	73	22
35	74	20
35	75	63
35	76	16
35	77	31
35	78	92
35	79	64
35	80	73
35	81	76
35	82	92
35	83	23
35	84	24
36	37	74
36	38	89
36	39	79
36	40	95
36	41	33
36	42	68
36	43	99
36	44	80
36	45	30
36	46	83
36	47	8
36	48	86
36	49	65
36	50	59
36	51	42
36	52	87
36	53	56
36	54	82
36	55	74
36	56	73
36	57	56
36	58	6
36	59	96
36	60	99
36	61	18
36	62	53
36	63	7
36	64	58
36	65	24
36	66	81
36	67	35
36	68	74
36	69	25
36	70	76
36	71	4
36	72	70
36	73	15
36	74	77
36	75	66
36	76	33
36	77	40
36	78	34
36	79	40
36	80	74
36	81	99
36	82	53
36	83	38
36	84	53
37	38	93
37	39	46
37	40	26
37	41	88
37	42	41
37	43	43
37	44	79
37	45	86
37	46	73
37	47	61
37	48	68
37	49	16
37	50	40
37	51	73
37	52	78
37	53	82
37	54	68
37	55	4
37	56	90
37	57	11
37	58	87
37	59	98
37	60	84
37	61	14
37	62	86
37	63	93
37	64	48
37	65	64
37	66	35
37	67	87
37	68	6
37	69	56
37	70	10
37	71	61
37	72	88
37	73	64
37	74	66
37	75	18
37	76	4
37	77	56
37	78	98
37	79	42
37	80	95
37	81	24
37	82	49
37	83	29
37	84	35
38	39	52
38	40	9
38	41	3
38	42	37
38	43	57
38	44	17
38	45	96
38	46	42
38	47	15
38	48	47
38	49	16
38	50	88
38	51	59
38	52	53
38	53	61
38	54	7
38	55	60
38	56	19
38	57	12
38	58	100
38	59	96
38	60	49
38	61	19
38	62	77
38	63	94
38	64	91
38	65	47
38	66	77
38	67	54
38	68	44
38	69	99
38	70	37
38	71	43
38	72	42
38	73	11
38	74	59
38	75	66
38	76	55
38	77	55
38	78	43
38	79	15
38	80	89
38	81	91
38	82	31
38	83	42
38	84	27
39	40	38
39	41	42
39	42	52
39	43	51
39	44	1
39	45	42
39	46	67
39	47	35
39	48	80
39	49	84
39	50	22
39	51	27
39	52	6
39	53	60
39	54	93
39	55	44
39	56	99
39	57	73
39	58	60
39	59	80
39	60	72
39	61	5
39	62	40
39	63	41
39	64	68
39	65	93
39	66	72
39	67	16
39	68	70
39	69	88
39	70	11
39	71	87
39	72	6
39	73	25
39	74	10
39	75	45
39	76	61
39	77	85
39	78	26
39	79	43
39	80	21
39	81	77
39	82	95
39	83	27
39	84	53
40	41	27
40	42	71
40	43	23
40	44	1
40	45	8
40	46	80
40	47	56
40	48	41
40	49	76
40	50	52
40	51	84
40	52	82
40	53	98
40	54	28
40	55	35
40	56	38
40	57	5
40	58	65
40	59	31
40	60	54
40	61	16
40	62	10
40	63	47
40	64	98
40	65	78
40	66	38
40	67	18
40	68	63
40	69	80
40	70	13
40	71	13
40	72	78
40	73	97
40	74	9
40	75	99
40	76	53
40	77	51
40	78	56
40	79	62
40	80	20
40	81	51
40	82	46
40	83	95
40	84	75
41	42	22
41	43	51
41	44	90
41	45	89
41	46	16
41	47	61
41	48	87
41	49	24
41	50	23
41	51	53
41	52	58
41	53	41
41	54	24
41	55	38
41	56	100
41	57	89
41	58	80
41	59	58
41	60	34
41	61	35
41	62	68
41	63	54
41	64	81
41	65	81
41	66	60
41	67	75
41	68	38
41	69	91
41	70	43
41	71	34
41	72	12
41	73	80
41	74	20
41	75	20
41	76	52
41	77	58
41	78	16
41	79	50
41	80	79
41	81	70
41	82	60
41	83	74
41	84	95
42	43	49
42	44	55
42	45	9
42	46	53
42	47	57
42	48	56
42	49	43
42	50	38
42	51	12
42	52	58
42	53	84
42	54	90
42	55	72
42	56	36
42	57	50
42	58	50
42	59	15
42	60	51
42	61	49
42	62	73
42	63	1
42	64	86
42	65	39
42	66	37
42	67	41
42	68	17
42	69	47
42	70	4
42	71	60
42	72	39
42	73	46
42	74	23
42	75	36
42	76	76
42	77	5
42	78	32
42	79	39
42	80	79
42	81	80
42	82	10
42	83	16
42	84	9
43	44	22
43	45	52
43	46	63
43	47	41
43	48	97
43	49	91
43	50	57
43	51	100
43	52	3
43	53	61
43	54	7
43	55	58
43	56	44
43	57	94
43	58	8
43	59	90
43	60	61
43	61	36
43	62	35
43	63	48
43	64	87
43	65	88
43	66	85
43	67	26
43	68	16
43	69	40
43	70	39
43	71	74
43	72	73
43	73	41
43	74	32
43	75	39
43	76	60
43	77	25
43	78	51
43	79	53
43	80	41
43	81	56
43	82	38
43	83	76
43	84	46
44	45	63
44	46	22
44	47	74
44	48	64
44	49	63
44	50	81
44	51	75
44	52	30
44	53	85
44	54	47
44	55	58
44	56	94
44	57	96
44	58	66
44	59	31
44	60	76
44	61	100
44	62	70
44	63	32
44	64	9
44	65	95
44	66	38
44	67	84
44	68	6
44	69	22
44	70	17
44	71	51
44	72	44
44	73	57
44	74	92
44	75	6
44	76	2
44	77	55
44	78	18
44	79	2
44	80	95
44	81	81
44	82	47
44	83	92
44	84	68
45	46	95
45	47	54
45	48	50
45	49	44
45	50	84
45	51	81
45	52	34
45	53	5
45	54	45
45	55	42
45	56	58
45	57	94
45	58	10
45	59	36
45	60	70
45	61	2
45	62	99
45	63	72
45	64	69
45	65	43
45	66	24
45	67	56
45	68	63
45	69	5
45	70	63
45	71	33
45	72	12
45	73	97
45	74	55
45	75	1
45	76	32
45	77	67
45	78	85
45	79	16
45	80	51
45	81	53
45	82	84
45	83	21
45	84	45
46	47	94
46	48	26
46	49	70
46	50	53
46	51	66
46	52	2
46	53	6
46	54	81
46	55	82
46	56	97
46	57	86
46	58	99
46	59	80
46	60	30
46	61	33
46	62	60
46	63	54
46	64	41
46	65	74
46	66	59
46	67	76
46	68	42
46	69	29
46	70	20
46	71	10
46	72	67
46	73	26
46	74	20
46	75	19
46	76	92
46	77	95
46	78	44
46	79	98
46	80	89
46	81	75
46	82	97
46	83	8
46	84	68
47	48	27
47	49	7
47	50	25
47	51	24
47	52	69
47	53	74
47	54	82
47	55	44
47	56	64
47	57	72
47	58	18
47	59	84
47	60	3
47	61	50
47	62	29
47	63	56
47	64	59
47	65	15
47	66	78
47	67	41
47	68	63
47	69	90
47	70	96
47	71	38
47	72	39
47	73	34
47	74	80
47	75	100
47	76	68
47	77	90
47	78	58
47	79	53
47	80	24
47	81	48
47	82	75
47	83	49
47	84	16
48	49	62
48	50	86
48	51	7
48	52	40
48	53	64
48	54	76
48	55	75
48	56	17
48	57	64
48	58	80
48	59	97
48	60	37
48	61	22
48	62	10
48	63	90
48	64	38
48	65	82
48	66	10
48	67	36
48	68	53
48	69	74
48	70	49
48	71	12
48	72	95
48	73	60
48	74	91
48	75	56
48	76	12
48	77	25
48	78	59
48	79	47
48	80	79
48	81	69
48	82	92
48	83	73
48	84	4
49	50	23
49	51	53
49	52	18
49	53	73
49	54	30
49	55	30
49	56	36
49	57	76
49	58	46
49	59	68
49	60	26
49	61	14
49	62	80
49	63	32
49	64	12
49	65	23
49	66	97
49	67	24
49	68	16
49	69	72
49	70	46
49	71	50
49	72	69
49	73	36
49	74	79
49	75	29
49	76	22
49	77	21
49	78	86
49	79	93
49	80	87
49	81	34
49	82	33
49	83	79
49	84	79
50	51	77
50	52	91
50	53	64
50	54	37
50	55	80
50	56	4
50	57	54
50	58	82
50	59	55
50	60	83
50	61	83
50	62	13
50	63	85
50	64	90
50	65	39
50	66	56
50	67	75
50	68	12
50	69	91
50	70	47
50	71	70
50	72	85
50	73	60
50	74	4
50	75	48
50	76	13
50	77	68
50	78	34
50	79	17
50	80	62
50	81	98
50	82	93
50	83	49
50	84	74
51	52	82
51	53	64
51	54	12
51	55	83
51	56	48
51	57	73
51	58	70
51	59	94
51	60	19
51	61	44
51	62	12
51	63	12
51	64	40
51	65	88
51	66	11
51	67	45
51	68	30
51	69	27
51	70	70
51	71	87
51	72	63
51	73	54
51	74	35
51	75	19
51	76	97
51	77	50
51	78	71
51	79	44
51	80	25
51	81	18
51	82	25
51	83	75
51	84	30
52	53	72
52	54	51
52	55	28
52	56	17
52	57	26
52	58	13
52	59	22
52	60	57
52	61	62
52	62	92
52	63	34
52	64	27
52	65	64
52	66	29
52	67	56
52	68	4
52	69	66
52	70	15
52	71	27
52	72	30
52	73	54
52	74	44
52	75	75
52	76	69
52	77	59
52	78	57
52	79	81
52	80	45
52	81	24
52	82	94
52	83	30
52	84	12
53	54	82
53	55	15
53	56	1
53	57	16
53	58	69
53	59	8
53	60	14
53	61	79
53	62	50
53	63	9
53	64	43
53	65	43
53	66	76
53	67	72
53	68	95
53	69	87
53	70	60
53	71	71
53	72	33
53	73	38
53	74	84
53	75	53
53	76	10
53	77	2
53	78	28
53	79	20
53	80	78
53	81	14
53	82	68
53	83	40
53	84	39
54	55	62
54	56	75
54	57	71
54	58	21
54	59	67
54	60	33
54	61	56
54	62	1
54	63	72
54	64	40
54	65	10
54	66	33
54	67	73
54	68	23
54	69	77
54	70	80
54	71	13
54	72	39
54	73	79
54	74	13
54	75	60
54	76	40
54	77	53
54	78	41
54	79	80
54	80	40
54	81	95
54	82	64
54	83	56
54	84	59
55	56	38
55	57	48
55	58	1
55	59	89
55	60	89
55	61	87
55	62	95
55	63	42
55	64	71
55	65	90
55	66	76
55	67	40
55	68	30
55	69	98
55	70	25
55	71	48
55	72	87
55	73	85
55	74	21
55	75	15
55	76	81
55	77	80
55	78	29
55	79	63
55	80	8
55	81	84
55	82	59
55	83	89
55	84	45
56	57	73
56	58	72
56	59	10
56	60	34
56	61	60
56	62	57
56	63	26
56	64	94
56	65	93
56	66	59
56	67	54
56	68	72
56	69	63
56	70	9
56	71	22
56	72	66
56	73	71
56	74	93
56	75	72
56	76	10
56	77	50
56	78	44
56	79	88
56	80	90
56	81	98
56	82	25
56	83	17
56	84	56
57	58	69
57	59	17
57	60	80
57	61	38
57	62	12
57	63	23
57	64	37
57	65	82
57	66	74
57	67	92
57	68	76
57	69	52
57	70	62
57	71	64
57	72	13
57	73	62
57	74	44
57	75	49
57	76	95
57	77	47
57	78	76
57	79	36
57	80	33
57	81	73
57	82	94
57	83	82
57	84	31
58	59	78
58	60	4
58	61	71
58	62	2
58	63	11
58	64	94
58	65	68
58	66	78
58	67	87
58	68	31
58	69	47
58	70	11
58	71	5
58	72	36
58	73	71
58	74	94
58	75	96
58	76	43
58	77	97
58	78	15
58	79	9
58	80	26
58	81	85
58	82	4
58	83	20
58	84	79
59	60	35
59	61	89
59	62	61
59	63	30
59	64	43
59	65	51
59	66	27
59	67	65
59	68	74
59	69	52
59	70	27
59	71	73
59	72	3
59	73	90
59	74	11
59	75	85
59	76	67
59	77	46
59	78	73
59	79	4
59	80	95
59	81	74
59	82	44
59	83	36
59	84	10
60	61	84
60	62	57
60	63	11
60	64	17
60	65	93
60	66	23
60	67	5
60	68	26
60	69	20
60	70	1
60	71	13
60	72	85
60	73	40
60	74	18
60	75	63
60	76	47
60	77	27
60	78	91
60	79	80
60	80	95
60	81	33
60	82	26
60	83	58
60	84	10
61	62	96
61	63	62
61	64	51
61	65	62
61	66	71
61	67	42
61	68	95
61	69	74
61	70	10
61	71	97
61	72	3
61	73	90
61	74	89
61	75	45
61	76	92
61	77	48
61	78	90
61	79	8
61	80	58
61	81	92
61	82	48
61	83	80
61	84	37
62	63	99
62	64	33
62	65	75
62	66	55
62	67	94
62	68	8
62	69	61
62	70	92
62	71	61
62	72	40
62	73	35
62	74	79
62	75	1
62	76	80
62	77	57
62	78	19
62	79	50
62	80	17
62	81	5
62	82	42
62	83	61
62	84	7
63	64	67
63	65	32
63	66	11
63	67	21
63	68	62
63	69	44
63	70	1
63	71	55
63	72	7
63	73	92
63	74	1
63	75	28
63	76	51
63	77	48
63	78	64
63	79	59
63	80	5
63	81	14
63	82	2
63	83	94
63	84	13
64	65	94
64	66	66
64	67	59
64	68	48
64	69	15
64	70	96
64	71	17
64	72	5
64	73	81
64	74	7
64	75	65
64	76	33
64	77	66
64	78	92
64	79	64
64	80	13
64	81	46
64	82	24
64	83	4
64	84	63
65	66	79
65	67	98
65	68	66
65	69	53
65	70	48
65	71	28
65	72	62
65	73	86
65	74	81
65	75	11
65	76	87
65	77	49
65	78	20
65	79	19
65	80	8
65	81	62
65	82	23
65	83	27
65	84	82
66	67	2
66	68	69
66	69	18
66	70	76
66	71	13
66	72	90
66	73	54
66	74	4
66	75	68
66	76	95
66	77	43
66	78	62
66	79	49
66	80	34
66	81	55
66	82	48
66	83	72
66	84	50
67	68	86
67	69	53
67	70	41
67	71	49
67	72	100
67	73	25
67	74	98
67	75	23
67	76	83
67	77	87
67	78	35
67	79	15
67	80	63
67	81	80
67	82	47
67	83	46
67	84	57
68	69	8
68	70	69
68	71	40
68	72	86
68	73	8
68	74	22
68	75	53
68	76	85
68	77	98
68	78	71
68	79	14
68	80	21
68	81	47
68	82	11
68	83	14
68	84	35
69	70	19
69	71	17
69	72	35
69	73	1
69	74	64
69	75	67
69	76	81
69	77	34
69	78	9
69	79	51
69	80	60
69	81	90
69	82	1
69	83	39
69	84	61
70	71	50
70	72	83
70	73	49
70	74	70
70	75	19
70	76	41
70	77	38
70	78	65
70	79	54
70	80	9
70	81	69
70	82	92
70	83	11
70	84	78
71	72	91
71	73	60
71	74	39
71	75	78
71	76	64
71	77	39
71	78	37
71	79	89
71	80	40
71	81	53
71	82	82
71	83	39
71	84	64
72	73	66
72	74	43
72	75	72
72	76	40
72	77	19
72	78	94
72	79	100
72	80	23
72	81	62
72	82	80
72	83	63
72	84	48
73	74	48
73	75	94
73	76	28
73	77	30
73	78	70
73	79	68
73	80	80
73	81	77
73	82	1
73	83	9
73	84	53
74	75	82
74	76	69
74	77	33
74	78	77
74	79	80
74	80	6
74	81	92
74	82	27
74	83	91
74	84	70
75	76	46
75	77	1
75	78	7
75	79	97
75	80	56
75	81	35
75	82	62
75	83	6
75	84	6
76	77	42
76	78	57
76	79	67
76	80	21
76	81	86
76	82	79
76	83	57
76	84	14
77	78	64
77	79	64
77	80	73
77	81	29
77	82	76
77	83	29
77	84	14
78	79	79
78	80	7
78	81	88
78	82	69
78	83	39
78	84	7
79	80	50
79	81	37
79	82	71
79	83	42
79	84	96
80	81	13
80	82	70
80	83	83
80	84	96
81	82	16
81	83	51
81	84	8
82	83	32
82	84	1
83	84	14
