D=15
0	1	53
0	2	22
0	3	27
0	4	98
0	5	6
0	6	35
0	7	99
0	8	37
0	9	97
0	10	41
0	11	73
0	12	76
0	13	79
0	14	33
0	15	100
0	16	11
0	17	85
0	18	91
0	19	11
0	20	77
0	21	21
0	22	84
0	23	24
0	24	1
0	25	91
0	26	79
0	27	74
0	28	16
0	29	36
0	30	25
0	31	87
0	32	5
0	33	63
0	34	84
0	35	25
0	36	70
0	37	98
0	38	12
0	39	46
0	40	97
0	41	80
0	42	70
0	43	27
0	44	52
0	45	50
0	46	83
0	47	70
0	48	65
0	49	68
0	50	100
0	51	33
0	52	49
0	53	76
0	54	72
0	55	19
0	56	37
0	57	1
0	58	58
0	59	81
0	60	51
0	61	59
0	62	38
0	63	38
0	64	87
0	65	88
0	66	23
0	67	100
0	68	37
0	69	35
0	70	72
0	71	80
0	72	94
0	73	10
0	74	44
0	75	77
0	76	57
0	77	32
0	78	55
0	79	84
0	80	1
0	81	74
0	82	50
0	83	10
0	84	16
1	2	32
1	3	14
1	4	26
1	5	60
1	6	18
1	7	52
1	8	6
1	9	40
1	10	30
1	11	33
1	12	1
1	13	40
1	14	95
1	15	79
1	16	53
1	17	19
1	18	97
1	19	87
1	20	29
1	21	25
1	22	78
1	23	32
1	24	51
1	25	57
1	26	30
1	27	15
1	28	16
1	29	9
1	30	39
1	31	62
1	32	61
1	33	98
1	34	20
1	35	5
1	36	63
1	37	88
1	38	42
1	39	68
1	40	25
1	41	83
1	42	39
1	43	54
1	44	11
1	45	90
1	46	98
1	47	77
1	48	1
1	49	40
1	50	95
1	51	33
1	52	55
1	53	53
1	54	78
1	55	37
1	56	2
1	57	50
1	58	99
1	59	1
1	60	43
1	61	45
1	62	3
1	63	7
1	64	16
1	65	60
1	66	50
1	67	25
1	68	73
1	69	31
1	70	33
1	71	27
1	72	14
1	73	36
1	74	23
1	75	8
1	76	46
1	77	12
1	78	19
1	79	8
1	80	88
1	81	10
1	82	3
1	83	98
1	84	49
2	3	22
2	4	45
2	5	40
2	6	35
2	7	6
2	8	22
2	9	64
2	10	62
2	11	69
2	12	34
2	13	59
2	14	93
2	15	59
2	16	17
2	17	21
2	18	10
2	19	45
2	20	57
2	21	6
2	22	53
2	23	47
2	24	3
2	25	57
2	26	83
2	27	4
2	28	27
2	29	97
2	30	95
2	31	98
2	32	39
2	33	90
2	34	68
2	35	29
2	36	88
2	37	59
2	38	21
2	39	29
2	40	14
2	41	53
2	42	85
2	43	47
2	44	55
2	45	94
2	46	80
2	47	47
2	48	56
2	49	65
2	50	8
2	51	47
2	52	78
2	53	57
2	54	4
2	55	27
2	56	84
2	57	80
2	58	10
2	59	6
2	60	92
2	61	97
2	62	15
2	63	96
2	64	69
2	65	54
2	66	91
2	67	89
2	68	23
2	69	28
2	70	68
2	71	3
2	72	99
2	73	38
2	74	10
2	75	70
2	76	61
2	77	63
2	78	52
2	79	25
2	80	17
2	81	72
2	82	7
2	83	37
2	84	7
3	4	13
3	5	47
3	6	73
3	7	34
3	8	83
3	9	35
3	10	84
3	11	95
3	12	84
3	13	18
3	14	91
3	15	24
3	16	45
3	17	8
3	18	91
3	19	62
3	20	75
3	21	40
3	22	65
3	23	21
3	24	45
3	25	37
3	26	71
3	27	46
3	28	14
3	29	97
3	30	92
3	31	47
3	32	28
3	33	16
3	34	49
3	35	12
3	36	34
3	37	13
3	38	49
3	39	80
3	40	20
3	41	52
3	42	12
3	43	44
3	44	19
3	45	35
3	46	100
3	47	77
3	48	72
3	49	89
3	50	31
3	51	78
3	52	6
3	53	62
3	54	63
3	55	83
3	56	69
3	57	60
3	58	7
3	59	53
3	60	75
3	61	39
3	62	35
3	63	65
3	64	76
3	65	18
3	66	8
3	67	33
3	68	7
3	69	43
3	70	66
3	71	56
3	72	37
3	73	74
3	74	86
3	75	13
3	76	32
3	77	53
3	78	83
3	79	47
3	80	97
3	81	77
3	82	3
3	83	64
3	84	10
4	5	40
4	6	47
4	7	39
4	8	78
4	9	50
4	10	72
4	11	39
4	12	59
4	13	76
4	14	63
4	15	2
4	16	47
4	17	82
4	18	2
4	19	58
4	20	70
4	21	93
4	22	12
4	23	56
4	24	6
4	25	57
4	26	72
4	27	36
4	28	4
4	29	78
4	30	41
4	31	96
4	32	66
4	33	65
4	34	85
4	35	8
4	36	29
4	37	36
4	38	27
4	39	83
4	40	74
4	41	25
4	42	10
4	43	78
4	44	47
4	45	16
4	46	29
4	47	6
4	48	30
4	49	53
4	50	36
4	51	33
4	52	36
4	53	56
4	54	20
4	55	50
4	56	10
4	57	9
4	58	88
4	59	88
4	60	91
4	61	40
4	62	70
4	63	13
4	64	85
4	65	23
4	66	10
4	67	76
4	68	44
4	69	44
4	70	63
4	71	38
4	72	98
4	73	27
4	74	48
4	75	5
4	76	55
4	77	30
4	78	63
4	79	3
4	80	17
4	81	52
4	82	40
4	83	83
4	84	4
5	6	84
5	7	49
5	8	66
5	9	41
5	10	81
5	11	53
5	12	46
5	13	73
5	14	94
5	15	93
5	16	57
5	17	50
5	18	25
5	19	9
5	20	95
5	21	91
5	22	58
5	23	76
5	24	94
5	25	89
5	26	85
5	27	46
5	28	6
5	29	100
5	30	87
5	31	59
5	32	44
5	33	17
5	34	11
5	35	66
5	36	74
5	37	48
5	38	26
5	39	89
5	40	90
5	41	98
5	42	26
5	43	26
5	44	92
5	45	66
5	46	81
5	47	78
5	48	68
5	49	8
5	50	37
5	51	2
5	52	87
5	53	99
5	54	23
5	55	78
5	56	78
5	57	75
5	58	72
5	59	31
5	60	6
5	61	49
5	62	90
5	63	17
5	64	17
5	65	86
5	66	73
5	67	15
5	68	41
5	69	35
5	70	1
5	71	24
5	72	82
5	73	88
5	74	76
5	75	31
5	76	41
5	77	92
5	78	62
5	79	8
5	80	33
5	81	7
5	82	25
5	83	29
5	84	95
6	7	18
6	8	84
6	9	7
6	10	14
6	11	30
6	12	40
6	13	16
6	14	32
6	15	46
6	16	45
6	17	83
6	18	13
6	19	9
6	20	69
6	21	75
6	22	51
6	23	32
6	24	100
6	25	74
6	26	23
6	27	37
6	28	92
6	29	84
6	30	68
6	31	14
6	32	15
6	33	72
6	34	64
6	35	81
6	36	4
6	37	97
6	38	44
6	39	22
6	40	69
6	41	1
6	42	94
6	43	32
6	44	49
6	45	74
6	46	75
6	47	73
6	48	10
6	49	26
6	50	40
6	51	47
6	52	63
6	53	11
6	54	77
6	55	81
6	56	12
6	57	70
6	58	26
6	59	9
6	60	31
6	61	52
6	62	87
6	63	52
6	64	100
6	65	54
6	66	53
6	67	77
6	68	97
6	69	25
6	70	87
6	71	43
6	72	70
6	73	31
6	74	26
6	75	88
6	76	56
6	77	30
6	78	24
6	79	30
6	80	79
6	81	6
6	82	86
6	83	42
6	84	98
7	8	74
7	9	95
7	10	69
7	11	94
7	12	68
7	13	68
7	14	82
7	15	25
7	16	43
7	17	42
7	18	74
7	19	48
7	20	53
7	21	96
7	22	75
7	23	60
7	24	51
7	25	23
7	26	26
7	27	28
7	28	79
7	29	22
7	30	71
7	31	2
7	32	10
7	33	47
7	34	31
7	35	80
7	36	69
7	37	15
7	38	33
7	39	86
7	40	3
7	41	56
7	42	68
7	43	20
7	44	73
7	45	39
7	46	32
7	47	12
7	48	84
7	49	49
7	50	75
7	51	66
7	52	31
7	53	44
7	54	20
7	55	11
7	56	44
7	57	40
7	58	15
7	59	23
7	60	30
7	61	41
7	62	71
7	63	34
7	64	14
7	65	3
7	66	20
7	67	31
7	68	99
7	69	10
7	70	90
7	71	3
7	72	39
7	73	3
7	74	16
7	75	18
7	76	86
7	77	20
7	78	92
7	79	22
7	80	84
7	81	78
7	82	39
7	83	5
7	84	100
8	9	29
8	10	6
8	11	52
8	12	70
8	13	32
8	14	73
8	15	45
8	16	78
8	17	7
8	18	25
8	19	20
8	20	94
8	21	19
8	22	63
8	23	8
8	24	90
8	25	88
8	26	59
8	27	38
8	28	38
8	29	71
8	30	92
8	31	21
8	32	3
8	33	23
8	34	43
8	35	50
8	36	17
8	37	20
8	38	48
8	39	2
8	40	78
8	41	7
8	42	35
8	43	32
8	44	52
8	45	38
8	46	73
8	47	30
8	48	78
8	49	71
8	50	96
8	51	72
8	52	4
8	53	2
8	54	29
8	55	84
8	56	42
8	57	46
8	58	10
8	59	92
8	60	45
8	61	2
8	62	47
8	63	32
8	64	7
8	65	71
8	66	54
8	67	80
8	68	22
8	69	79
8	70	98
8	71	31
8	72	10
8	73	17
8	74	27
8	75	80
8	76	46
8	77	38
8	78	66
8	79	98
8	80	19
8	81	68
8	82	56
8	83	44
8	84	55
9	10	1
9	11	90
9	12	67
9	13	44
9	14	13
9	15	26
9	16	56
9	17	54
9	18	58
9	19	55
9	20	12
9	21	5
9	22	87
9	23	36
9	24	27
9	25	64
9	26	67
9	27	87
9	28	72
9	29	17
9	30	68
9	31	83
9	32	31
9	33	65
9	34	54
9	35	57
9	36	10
9	37	63
9	38	30
9	39	63
9	40	30
9	41	25
9	42	76
9	43	67
9	44	57
9	45	15
9	46	29
9	47	33
9	48	37
9	49	54
9	50	39
9	51	46
9	52	16
9	53	98
9	54	30
9	55	96
9	56	46
9	57	98
9	58	99
9	59	55
9	60	18
9	61	80
9	62	84
9	63	35
9	64	75
9	65	49
9	66	79
9	67	5
9	68	38
9	69	2
9	70	97
9	71	71
9	72	72
9	73	92
9	74	92
9	75	10
9	76	88
9	77	39
9	78	30
9	79	74
9	80	33
9	81	37
9	82	6
9	83	17
9	84	45
10	11	95
10	12	67
10	13	5
10	14	41
10	15	85
10	16	78
10	17	42
10	18	84
10	19	55
10	20	48
10	21	3
10	22	78
10	23	95
10	24	66
10	25	37
10	26	52
10	27	28
10	28	9
10	29	18
10	30	24
10	31	98
10	32	17
10	33	26
10	34	70
10	35	16
10	36	10
10	37	59
10	38	61
10	39	87
10	40	81
10	41	94
10	42	58
10	43	11
10	44	4
10	45	98
10	46	43
10	47	83
10	48	52
10	49	70
10	50	8
10	51	32
10	52	33
10	53	4
10	54	47
10	55	25
10	56	97
10	57	74
10	58	83
10	59	82
10	60	86
10	61	6
10	62	63
10	63	40
10	64	56
10	65	58
10	66	5
10	67	36
10	68	64
10	69	4
10	70	70
10	71	25
10	72	56
10	73	51
10	74	94
10	75	31
10	76	40
10	77	76
10	78	31
10	79	15
10	80	77
10	81	41
10	82	93
10	83	51
10	84	2
11	12	24
11	13	23
11	14	35
11	15	20
11	16	100
11	17	98
11	18	50
11	19	41
11	20	50
11	21	67
11	22	40
11	23	7
11	24	96
11	25	46
11	26	76
11	27	95
11	28	35
11	29	29
11	30	40
11	31	43
11	32	83
11	33	99
11	34	62
11	35	4
11	36	38
11	37	71
11	38	58
11	39	30
11	40	2
11	41	75
11	42	48
11	43	45
11	44	99
11	45	5
11	46	57
11	47	66
11	48	12
11	49	82
11	50	82
11	51	65
11	52	28
11	53	59
11	54	97
11	55	52
11	56	66
11	57	12
11	58	82
11	59	32
11	60	64
11	61	52
11	62	28
11	63	77
11	64	66
11	65	45
11	66	70
11	67	60
11	68	57
11	69	78
11	70	74
11	71	55
11	72	44
11	73	15
11	74	52
11	75	69
11	76	94
11	77	65
11	78	34
11	79	17
11	80	7
11	81	18
11	82	67
11	83	23
11	84	31
12	13	35
12	14	100
12	15	75
12	16	19
12	17	22
12	18	94
12	19	64
12	20	74
12	21	49
12	22	32
12	23	95
12	24	79
12	25	59
12	26	10
12	27	80
12	28	63
12	29	4
12	30	84
12	31	6
12	32	82
12	33	66
12	34	54
12	35	67
12	36	31
12	37	34
12	38	41
12	39	79
12	40	55
12	41	60
12	42	25
12	43	25
12	44	74
12	45	85
12	46	5
12	47	78
12	48	89
12	49	69
12	50	60
12	51	10
12	52	70
12	53	16
12	54	59
12	55	97
12	56	5
12	57	96
12	58	97
12	59	63
12	60	67
12	61	37
12	62	93
12	63	72
12	64	19
12	65	94
12	66	90
12	67	25
12	68	65
12	69	34
12	70	58
12	71	99
12	72	53
12	73	87
12	74	80
12	75	49
12	76	37
12	77	66
12	78	37
12	79	41
12	80	44
12	81	69
12	82	50
12	83	83
12	84	93
13	14	65
13	15	21
13	16	50
13	17	2
13	18	48
13	19	88
13	20	6
13	21	84
13	22	55
13	23	1
13	24	35
13	25	62
13	26	34
13	27	28
13	28	53
13	29	48
13	30	91
13	31	57
13	32	7
13	33	75
13	34	9
13	35	80
13	36	80
13	37	79
13	38	87
13	39	44
13	40	48
13	41	19
13	42	49
13	43	19
13	44	39
13	45	28
13	46	32
13	47	100
13	48	54
13	49	66
13	50	54
13	51	22
13	52	74
13	53	15
13	54	31
13	55	62
13	56	97
13	57	65
13	58	19
13	59	22
13	60	40
13	61	44
13	62	54
13	63	59
13	64	12
13	65	37
13	66	51
13	67	54
13	68	55
13	69	9
13	70	87
13	71	95
13	72	42
13	73	35
13	74	83
13	75	99
13	76	36
13	77	33
13	78	44
13	79	86
13	80	35
13	81	41
13	82	45
13	83	66
13	84	74
14	15	9
14	16	46
14	17	73
14	18	38
14	19	45
14	20	53
14	21	64
14	22	64
14	23	71
14	24	63
14	25	89
14	26	71
14	27	53
14	28	64
14	29	11
14	30	29
14	31	46
14	32	21
14	33	37
14	34	87
14	35	6
14	36	85
14	37	5
14	38	37
14	39	38
14	40	33
14	41	77
14	42	70
14	43	44
14	44	23
14	45	18
14	46	4
14	47	60
14	48	89
14	49	29
14	50	30
14	51	90
14	52	78
14	53	100
14	54	85
14	55	60
14	56	67
14	57	22
14	58	61
14	59	55
14	60	96
14	61	69
14	62	29
14	63	69
14	64	5
14	65	78
14	66	15
14	67	56
14	68	100
14	69	67
14	70	3
14	71	59
14	72	92
14	73	54
14	74	43
14	75	16
14	76	3
14	77	94
14	78	91
14	79	52
14	80	1
14	81	73
14	82	78
14	83	58
14	84	60
15	16	69
15	17	23
15	18	66
15	19	66
15	20	60
15	21	68
15	22	39
15	23	14
15	24	11
15	25	12
15	26	35
15	27	80
15	28	56
15	29	15
15	30	13
15	31	15
15	32	24
15	33	84
15	34	65
15	35	88
15	36	35
15	37	7
15	38	91
15	39	16
15	40	48
15	41	67
15	42	15
15	43	51
15	44	4
15	45	55
15	46	47
15	47	77
15	48	88
15	49	26
15	50	60
15	51	73
15	52	47
15	53	70
15	54	61
15	55	88
15	56	3
15	57	63
15	58	89
15	59	45
15	60	83
15	61	85
15	62	90
15	63	8
15	64	2
15	65	85
15	66	27
15	67	7
15	68	79
15	69	96
15	70	59
15	71	19
15	72	23
15	73	19
15	74	46
15	75	17
15	76	92
15	77	94
15	78	79
15	79	44
15	80	90
15	81	79
15	82	87
15	83	62
15	84	87
16	17	36
16	18	7
16	19	84
16	20	54
16	21	65
16	22	84
16	23	89
16	24	63
16	25	89
16	26	31
16	27	57
16	28	77
16	29	87
16	30	81
16	31	89
16	32	94
16	33	46
16	34	84
16	35	51
16	36	10
16	37	38
16	38	66
16	39	63
16	40	34
16	41	25
16	42	63
16	43	74
16	44	57
16	45	55
16	46	9
16	47	15
16	48	61
16	49	84
16	50	65
16	51	57
16	52	19
16	53	35
16	54	90
16	55	68
16	56	69
16	57	3
16	58	85
16	59	69
16	60	49
16	61	21
16	62	77
16	63	38
16	64	20
16	65	52
16	66	39
16	67	62
16	68	5
16	69	79
16	70	13
16	71	46
16	72	31
16	73	16
16	74	73
16	75	60
16	76	92
16	77	22
16	78	58
16	79	8
16	80	68
16	81	2
16	82	92
16	83	29
16	84	35
17	18	21
17	19	72
17	20	73
17	21	96
17	22	94
17	23	2
17	24	31
17	25	13
17	26	42
17	27	76
17	28	70
17	29	53
17	30	89
17	31	66
17	32	35
17	33	61
17	34	59
17	35	43
17	36	18
17	37	44
17	38	46
17	39	91
17	40	24
17	41	40
17	42	65
17	43	61
17	44	90
17	45	36
17	46	20
17	47	98
17	48	79
17	49	90
17	50	34
17	51	6
17	52	99
17	53	53
17	54	91
17	55	26
17	56	93
17	57	58
17	58	26
17	59	73
17	60	61
17	61	59
17	62	98
17	63	42
17	64	67
17	65	72
17	66	47
17	67	42
17	68	62
17	69	34
17	70	50
17	71	66
17	72	76
17	73	24
17	74	10
17	75	82
17	76	8
17	77	71
17	78	57
17	79	42
17	80	13
17	81	39
17	82	52
17	83	7
17	84	97
18	19	24
18	20	66
18	21	30
18	22	21
18	23	32
18	24	69
18	25	26
18	26	87
18	27	84
18	28	30
18	29	40
18	30	37
18	31	40
18	32	21
18	33	27
18	34	95
18	35	8
18	36	84
18	37	42
18	38	28
18	39	14
18	40	78
18	41	83
18	42	97
18	43	1
18	44	17
18	45	85
18	46	12
18	47	60
18	48	31
18	49	76
18	50	24
18	51	73
18	52	89
18	53	12
18	54	61
18	55	77
18	56	1
18	57	88
18	58	74
18	59	52
18	60	29
18	61	31
18	62	50
18	63	47
18	64	97
18	65	84
18	66	54
18	67	23
18	68	72
18	69	37
18	70	76
18	71	71
18	72	95
18	73	65
18	74	47
18	75	79
18	76	61
18	77	2
18	78	60
18	79	23
18	80	70
18	81	90
18	82	62
18	83	20
18	84	58
19	20	8
19	21	87
19	22	26
19	23	50
19	24	20
19	25	15
19	26	46
19	27	71
19	28	81
19	29	21
19	30	58
19	31	95
19	32	64
19	33	35
19	34	75
19	35	46
19	36	85
19	37	96
19	38	82
19	39	51
19	40	52
19	41	71
19	42	71
19	43	51
19	44	91
19	45	1
19	46	22
19	47	92
19	48	10
19	49	21
19	50	88
19	51	47
19	52	83
19	53	59
19	54	37
19	55	36
19	56	100
19	57	52
19	58	92
19	59	71
19	60	36
19	61	73
19	62	88
19	63	19
19	64	79
19	65	73
19	66	27
19	67	65
19	68	68
19	69	27
19	70	26
19	71	32
19	72	74
19	73	35
19	74	23
19	75	13
19	76	34
19	77	19
19	78	15
19	79	78
19	80	41
19	81	24
19	82	62
19	83	90
19	84	47
20	21	14
20	22	76
20	23	30
20	24	69
20	25	11
20	26	84
20	27	14
20	28	11
20	29	97
20	30	27
20	31	70
20	32	9
20	33	57
20	34	48
20	35	52
20	36	85
20	37	83
20	38	69
20	39	72
20	40	48
20	41	22
20	42	75
20	43	71
20	44	26
20	45	24
20	46	33
20	47	47
20	48	3
20	49	74
20	50	87
20	51	57
20	52	28
20	53	96
20	54	10
20	55	21
20	56	9
20	57	3
20	58	50
20	59	68
20	60	93
20	61	51
20	62	37
20	63	44
20	64	42
20	65	57
20	66	79
20	67	20
20	68	83
20	69	73
20	70	98
20	71	57
20	72	92
20	73	65
20	74	50
20	75	50
20	76	91
20	77	32
20	78	66
20	79	72
20	80	62
20	81	61
20	82	17
20	83	93
20	84	57
21	22	77
21	23	13
21	24	68
21	25	14
21	26	83
21	27	65
21	28	54
21	29	25
21	30	12
21	31	91
21	32	14
21	33	56
21	34	92
21	35	68
21	36	70
21	37	67
21	38	84
21	39	54
21	40	78
21	41	9
21	42	27
21	43	1
21	44	3
21	45	90
21	46	100
21	47	68
21	48	87
21	49	41
21	50	77
21	51	95
21	52	30
21	53	94
21	54	44
21	55	26
21	56	32
21	57	4
21	58	79
21	59	89
21	60	40
21	61	50
21	62	29
21	63	10
21	64	67
21	65	1
21	66	44
21	67	99
21	68	85
21	69	15
21	70	53
21	71	3
21	72	10
21	73	40
21	74	53
21	75	32
21	76	94
21	77	28
21	78	77
21	79	11
21	80	71
21	81	22
21	82	18
21	83	30
21	84	21
22	23	1
22	24	35
22	25	68
22	26	30
22	27	41
22	28	92
22	29	26
22	30	31
22	31	15
22	32	88
22	33	88
22	34	2
22	35	90
22	36	27
22	37	39
22	38	85
22	39	3
22	40	52
22	41	34
22	42	52
22	43	81
22	44	5
22	45	21
22	46	81
22	47	32
22	48	55
22	49	80
22	50	91
22	51	73
22	52	76
22	53	60
22	54	28
22	55	75
22	56	36
22	57	31
22	58	91
22	59	19
22	60	37
22	61	32
22	62	38
22	63	30
22	64	19
22	65	89
22	66	87
22	67	67
22	68	84
22	69	92
22	70	13
22	71	50
22	72	62
22	73	61
22	74	4
22	75	63
22	76	79
22	77	10
22	78	47
22	79	100
22	80	70
22	81	1
22	82	23
22	83	98
22	84	61
23	24	8
23	25	20
23	26	29
23	27	5
23	28	94
23	29	95
23	30	27
23	31	60
23	32	30
23	33	14
23	34	50
23	35	61
23	36	49
23	37	25
23	38	32
23	39	45
23	40	92
23	41	77
23	42	79
23	43	53
23	44	14
23	45	73
23	46	84
23	47	33
23	48	58
23	49	81
23	50	70
23	51	66
23	52	61
23	53	8
23	54	79
23	55	47
23	56	60
23	57	82
23	58	68
23	59	55
23	60	33
23	61	95
23	62	87
23	63	39
23	64	22
23	65	93
23	66	40
23	67	9
23	68	36
23	69	77
23	70	60
23	71	68
23	72	56
23	73	82
23	74	51
23	75	27
23	76	72
23	77	82
23	78	70
23	79	40
23	80	47
23	81	55
23	82	93
23	83	91
23	84	44
24	25	43
24	26	90
24	27	16
24	28	8
24	29	40
24	30	53
24	31	63
24	32	20
24	33	51
24	34	17
24	35	100
24	36	56
24	37	93
24	38	14
24	39	75
24	40	64
24	41	81
24	42	93
24	43	65
24	44	27
24	45	37
24	46	41
24	47	97
24	48	99
24	49	28
24	50	41
24	51	100
24	52	61
24	53	21
24	54	37
24	55	10
24	56	55
24	57	54
24	58	65
24	59	29
24	60	97
24	61	72
24	62	41
24	63	55
24	64	5
24	65	74
24	66	69
24	67	35
24	68	78
24	69	63
24	70	40
24	71	41
24	72	5
24	73	60
24	74	63
24	75	10
24	76	37
24	77	93
24	78	55
24	79	77
24	80	21
24	81	96
24	82	22
24	83	100
24	84	25
25	26	67
25	27	84
25	28	33
25	29	35
25	30	60
25	31	60
25	32	35
25	33	75
25	34	60
25	35	59
25	36	67
25	37	96
25	38	46
25	39	66
25	40	89
25	41	61
25	42	31
25	43	96
25	44	40
25	45	16
25	46	87
25	47	15
25	48	27
25	49	92
25	50	66
25	51	25
25	52	6
25	53	84
25	54	10
25	55	25
25	56	41
25	57	95
25	58	10
25	59	43
25	60	80
25	61	75
25	62	61
25	63	40
25	64	61
25	65	70
25	66	61
25	67	5
25	68	71
25	69	19
25	70	43
25	71	48
25	72	1
25	73	79
25	74	74
25	75	48
25	76	83
25	77	5
25	78	17
25	79	49
25	80	90
25	81	58
25	82	38
25	83	7
25	84	95
26	27	61
26	28	9
26	29	88
26	30	75
26	31	7
26	32	90
26	33	34
26	34	66
26	35	96
26	36	3
26	37	50
26	38	70
26	39	60
26	40	66
26	41	75
26	42	27
26	43	91
26	44	45
26	45	43
26	46	64
26	47	49
26	48	17
26	49	17
26	50	5
26	51	9
26	52	61
26	53	69
26	54	86
26	55	75
26	56	99
26	57	25
26	58	33
26	59	46
26	60	91
26	61	63
26	62	89
26	63	5
26	64	39
26	65	56
26	66	34
26	67	25
26	68	100
26	69	45
26	70	39
26	71	4
26	72	93
26	73	88
26	74	67
26	75	22
26	76	16
26	77	90
26	78	12
26	79	59
26	80	60
26	81	87
26	82	78
26	83	31
26	84	38
27	28	26
27	29	73
27	30	25
27	31	25
27	32	76
27	33	17
27	34	68
27	35	10
27	36	19
27	37	73
27	38	61
27	39	80
27	40	62
27	41	17
27	42	52
27	43	40
27	44	85
27	45	13
27	46	18
27	47	83
27	48	29
27	49	29
27	50	54
27	51	98
27	52	18
27	53	68
27	54	100
27	55	80
27	56	5
27	57	47
27	58	14
27	59	54
27	60	51
27	61	2
27	62	5
27	63	16
27	64	74
27	65	30
27	66	57
27	67	56
27	68	41
27	69	84
27	70	100
27	71	39
27	72	79
27	73	32
27	74	11
27	75	63
27	76	73
27	77	63
27	78	33
27	79	32
27	80	21
27	81	15
27	82	54
27	83	68
27	84	76
28	29	24
28	30	100
28	31	48
28	32	32
28	33	42
28	34	59
28	35	2
28	36	95
28	37	2
28	38	49
28	39	91
28	40	75
28	41	73
28	42	74
28	43	9
28	44	93
28	45	100
28	46	55
28	47	20
28	48	87
28	49	22
28	50	69
28	51	61
28	52	21
28	53	56
28	54	7
28	55	84
28	56	7
28	57	67
28	58	79
28	59	19
28	60	13
28	61	7
28	62	79
28	63	38
28	64	82
28	65	32
28	66	30
28	67	42
28	68	57
28	69	52
28	70	73
28	71	86
28	72	24
28	73	69
28	74	78
28	75	30
28	76	15
28	77	56
28	78	7
28	79	96
28	80	92
28	81	76
28	82	53
28	83	88
28	84	27
29	30	11
29	31	11
29	32	26
29	33	17
29	34	90
29	35	24
29	36	54
29	37	63
29	38	71
29	39	91
29	40	75
29	41	38
29	42	96
29	43	50
29	44	69
29	45	77
29	46	49
29	47	6
29	48	81
29	49	57
29	50	94
29	51	75
29	52	35
29	53	92
29	54	45
29	55	31
29	56	35
29	57	39
29	58	71
29	59	5
29	60	81
29	61	80
29	62	51
29	63	7
29	64	6
29	65	17
29	66	56
29	67	88
29	68	3
29	69	88
29	70	31
29	71	80
29	72	75
29	73	63
29	74	81
29	75	98
29	76	97
29	77	11
29	78	44
29	79	13
29	80	66
29	81	79
29	82	14
29	83	28
29	84	99
30	31	91
30	32	55
30	33	68
30	34	87
30	35	61
30	36	90
30	37	57
30	38	47
30	39	59
30	40	69
30	41	10
30	42	38
30	43	77
30	44	86
30	45	15
30	46	43
30	47	88
30	48	59
30	49	61
30	50	16
30	51	89
30	52	60
30	53	26
30	54	83
30	55	47
30	56	82
30	57	38
30	58	75
30	59	6
30	60	68
30	61	91
30	62	50
30	63	46
30	64	73
30	65	14
30	66	1
30	67	66
30	68	34
30	69	94
30	70	86
30	71	54
30	72	19
30	73	21
30	74	36
30	75	100
30	76	86
30	77	36
30	78	49
30	79	25
30	80	70
30	81	6
30	82	35
30	83	67
30	84	93
31	32	30
31	33	52
31	34	41
31	35	68
31	36	29
31	37	85
31	38	94
31	39	8
31	40	49
31	41	66
31	42	44
31	43	15
31	44	3
31	45	15
31	46	30
31	47	7
31	48	32
31	49	97
31	50	50
31	51	31
31	52	49
31	53	50
31	54	64
31	55	76
31	56	63
31	57	29
31	58	56
31	59	88
31	60	58
31	61	17
31	62	45
31	63	91
31	64	95
31	65	6
31	66	92
31	67	56
31	68	63
31	69	60
31	70	58
31	71	43
31	72	52
31	73	27
31	74	13
31	75	79
31	76	53
31	77	59
31	78	37
31	79	47
31	80	69
31	81	95
31	82	4
31	83	25
31	84	57
32	33	23
32	34	74
32	35	18
32	36	54
32	37	72
32	38	75
32	39	44
32	40	51
32	41	66
32	42	6
32	43	88
32	44	89
32	45	24
32	46	78
32	47	67
32	48	8
32	49	67
32	50	13
32	51	66
32	52	16
32	53	26
32	54	73
32	55	84
32	56	88
32	57	70
32	58	25
32	59	26
32	60	27
32	61	16
32	62	96
32	63	97
32	64	47
32	65	5
32	66	53
32	67	61
32	68	6
32	69	41
32	70	69
32	71	57
32	72	1
32	73	96
32	74	29
32	75	89
32	76	41
32	77	74
32	78	81
32	79	98
32	80	19
32	81	34
32	82	73
32	83	23
32	84	94
33	34	70
33	35	99
33	36	28
33	37	95
33	38	78
33	39	53
33	40	35
33	41	3
33	42	51
33	43	75
33	44	90
33	45	55
33	46	46
33	47	7
33	48	46
33	49	67
33	50	46
33	51	57
33	52	39
33	53	58
33	54	5
33	55	74
33	56	58
33	57	99
33	58	19
33	59	20
33	60	68
33	61	45
33	62	100
33	63	73
33	64	89
33	65	29
33	66	50
33	67	23
33	68	56
33	69	15
33	70	49
33	71	91
33	72	31
33	73	37
33	74	72
33	75	97
33	76	51
33	77	14
33	78	83
33	79	12
33	80	31
33	81	82
33	82	86
33	83	71
33	84	100
34	35	60
34	36	85
34	37	43
34	38	57
34	39	61
34	40	53
34	41	40
34	42	71
34	43	86
34	44	12
34	45	98
34	46	23
34	47	73
34	48	95
34	49	49
34	50	95
34	51	64
34	52	96
34	53	85
34	54	18
34	55	94
34	56	78
34	57	26
34	58	51
34	59	63
34	60	67
34	61	12
34	62	51
34	63	62
34	64	80
34	65	46
34	66	35
34	67	82
34	68	57
34	69	28
34	70	13
34	71	32
34	72	86
34	73	41
34	74	88
34	75	11
34	76	96
34	77	69
34	78	53
34	79	63
34	80	91
34	81	38
34	82	52
34	83	3
34	84	24
35	36	65
35	37	27
35	38	68
35	39	44
35	40	75
35	41	25
35	42	46
35	43	49
35	44	99
35	45	37
35	46	5
35	47	1
35	48	35
35	49	21
35	50	10
35	51	14
35	52	10
35	53	86
35	54	66
35	55	61
35	56	17
35	57	23
35	58	98
35	59	87
35	60	4
35	61	3
35	62	6
35	63	15
35	64	3
35	65	25
35	66	89
35	67	71
35	68	33
35	69	90
35	70	1
35	71	59
35	72	37
35	73	64
35	74	57
35	75	8
35	76	81
35	77	9
35	78	48
35	79	99
35	80	74
35	81	10
35	82	38
35	83	96
35	84	69
36	37	38
36	38	5
36	39	15
36	40	86
36	41	20
36	42	74
36	43	66
36	44	17
36	45	45
36	46	1
36	47	29
36	48	85
36	49	3
36	50	7
36	51	76
36	52	33
36	53	60
36	54	1
36	55	74
36	56	99
36	57	41
36	58	42
36	59	72
36	60	68
36	61	19
36	62	57
36	63	17
36	64	21
36	65	69
36	66	42
36	67	28
36	68	4
36	69	29
36	70	70
36	71	83
36	72	37
36	73	52
36	74	82
36	75	84
36	76	52
36	77	83
36	78	49
36	79	37
36	80	48
36	81	36
36	82	7
36	83	2
36	84	89
37	38	9
37	39	48
37	40	94
37	41	16
37	42	59
37	43	71
37	44	84
37	45	30
37	46	3
37	47	4
37	48	32
37	49	63
37	50	13
37	51	65
37	52	79
37	53	3
37	54	64
37	55	91
37	56	55
37	57	86
37	58	96
37	59	48
37	60	72
37	61	14
37	62	57
37	63	79
37	64	40
37	65	52
37	66	93
37	67	82
37	68	32
37	69	9
37	70	28
37	71	65
37	72	82
37	73	21
37	74	71
37	75	30
37	76	87
37	77	66
37	78	59
37	79	23
37	80	89
37	81	52
37	82	44
37	83	34
37	84	21
38	39	38
38	40	42
38	41	84
38	42	16
38	43	79
38	44	40
38	45	16
38	46	43
38	47	66
38	48	14
38	49	13
38	50	81
38	51	17
38	52	9
38	53	15
38	54	71
38	55	47
38	56	36
38	57	70
38	58	5
38	59	9
38	60	86
38	61	36
38	62	50
38	63	61
38	64	81
38	65	8
38	66	33
38	67	27
38	68	10
38	69	85
38	70	61
38	71	84
38	72	35
38	73	43
38	74	34
38	75	8
38	76	59
38	77	14
38	78	89
38	79	23
38	80	31
38	81	58
38	82	13
38	83	26
38	84	41
39	40	33
39	41	47
39	42	78
39	43	63
39	44	40
39	45	5
39	46	69
39	47	70
39	48	86
39	49	42
39	50	62
39	51	33
39	52	23
39	53	71
39	54	99
39	55	54
39	56	64
39	57	67
39	58	87
39	59	81
39	60	59
39	61	50
39	62	18
39	63	50
39	64	35
39	65	69
39	66	11
39	67	24
39	68	65
39	69	20
39	70	70
39	71	89
39	72	13
39	73	51
39	74	78
39	75	27
39	76	59
39	77	19
39	78	54
39	79	73
39	80	53
39	81	10
39	82	18
39	83	94
39	84	86
40	41	82
40	42	45
40	43	15
40	44	49
40	45	23
40	46	17
40	47	13
40	48	81
40	49	65
40	50	36
40	51	60
40	52	93
40	53	10
40	54	14
40	55	45
40	56	90
40	57	29
40	58	98
40	59	81
40	60	87
40	61	92
40	62	2
40	63	62
40	64	95
40	65	85
40	66	58
40	67	2
40	68	13
40	69	31
40	70	94
40	71	16
40	72	60
40	73	26
40	74	17
40	75	17
40	76	97
40	77	70
40	78	80
40	79	21
40	80	37
40	81	77
40	82	81
40	83	98
40	84	75
41	42	100
41	43	100
41	44	98
41	45	84
41	46	68
41	47	6
41	48	70
41	49	4
41	50	32
41	51	34
41	52	62
41	53	54
41	54	41
41	55	10
41	56	27
41	57	70
41	58	89
41	59	9
41	60	7
41	61	74
41	62	69
41	63	24
41	64	83
41	65	79
41	66	29
41	67	28
41	68	62
41	69	8
41	70	2
41	71	4
41	72	69
41	73	65
41	74	57
41	75	44
41	76	80
41	77	97
41	78	17
41	79	5
41	80	92
41	81	68
41	82	37
41	83	37
41	84	47
42	43	48
42	44	87
42	45	7
42	46	60
42	47	75
42	48	7
42	49	64
42	50	30
42	51	78
42	52	2
42	53	70
42	54	53
42	55	61
42	56	9
42	57	85
42	58	33
42	59	100
42	60	41
42	61	37
42	62	15
42	63	24
42	64	39
42	65	66
42	66	100
42	67	62
42	68	80
42	69	27
42	70	68
42	71	97
42	72	84
42	73	15
42	74	99
42	75	33
42	76	10
42	77	29
42	78	76
42	79	95
42	80	19
42	81	7
42	82	44
42	83	97
42	84	95
43	44	53
43	45	28
43	46	67
43	47	11
43	48	48
43	49	58
43	50	40
43	51	88
43	52	53
43	53	93
43	54	91
43	55	13
43	56	5
43	57	49
43	58	99
43	59	19
43	60	3
43	61	39
43	62	26
43	63	35
43	64	74
43	65	36
43	66	97
43	67	14
43	68	34
43	69	38
43	70	79
43	71	47
43	72	16
43	73	56
43	74	21
43	75	44
43	76	97
43	77	47
43	78	96
43	79	57
43	80	91
43	81	33
43	82	97
43	83	59
43	84	99
44	45	20
44	46	1
44	47	25
44	48	67
44	49	71
44	50	87
44	51	62
44	52	66
44	53	88
44	54	88
44	55	65
44	56	53
44	57	46
44	58	77
44	59	88
44	60	11
44	61	30
44	62	90
44	63	26
44	64	33
44	65	37
44	66	43
44	67	89
44	68	84
44	69	58
44	70	6
44	71	9
44	72	36
44	73	18
44	74	1
44	75	9
44	76	53
44	77	92
44	78	99
44	79	86
44	80	51
44	81	70
44	82	8
44	83	54
44	84	61
45	46	15
45	47	2
45	48	48
45	49	99
45	50	50
45	51	77
45	52	27
45	53	98
45	54	64
45	55	22
45	56	32
45	57	23
45	58	77
45	59	33
45	60	1
45	61	98
45	62	30
45	63	19
45	64	26
45	65	67
45	66	98
45	67	66
45	68	73
45	69	10
45	70	3
45	71	24
45	72	80
45	73	50
45	74	86
45	75	18
45	76	8
45	77	20
45	78	100
45	79	69
45	80	56
45	81	60
45	82	8
45	83	30
45	84	14
46	47	82
46	48	43
46	49	20
46	50	85
46	51	90
46	52	90
46	53	66
46	54	74
46	55	7
46	56	68
46	57	36
46	58	78
46	59	51
46	60	54
46	61	68
46	62	79
46	63	70
46	64	42
46	65	4
46	66	8
46	67	47
46	68	77
46	69	11
46	70	10
46	71	62
46	72	99
46	73	45
46	74	19
46	75	68
46	76	14
46	77	87
46	78	55
46	79	59
46	80	16
46	81	83
46	82	89
46	83	13
46	84	60
47	48	25
47	49	90
47	50	96
47	51	25
47	52	26
47	53	69
47	54	39
47	55	42
47	56	32
47	57	82
47	58	18
47	59	63
47	60	18
47	61	26
47	62	77
47	63	68
47	64	37
47	65	37
47	66	36
47	67	63
47	68	79
47	69	78
47	70	56
47	71	52
47	72	92
47	73	32
47	74	65
47	75	7
47	76	36
47	77	36
47	78	28
47	79	78
47	80	47
47	81	99
47	82	2
47	83	48
47	84	44
48	49	23
48	50	32
48	51	65
48	52	44
48	53	44
48	54	18
48	55	17
48	56	83
48	57	14
48	58	28
48	59	23
48	60	54
48	61	95
48	62	74
48	63	7
48	64	20
48	65	99
48	66	72
48	67	98
48	68	14
48	69	99
48	70	64
48	71	71
48	72	91
48	73	23
48	74	43
48	75	35
48	76	34
48	77	19
48	78	30
48	79	49
48	80	68
48	81	60
48	82	76
48	83	91
48	84	59
49	50	94
49	51	64
49	52	100
49	53	88
49	54	57
49	55	78
49	56	90
49	57	9
49	58	36
49	59	53
49	60	8
49	61	38
49	62	48
49	63	30
49	64	83
49	65	6
49	66	59
49	67	71
49	68	77
49	69	17
49	70	19
49	71	71
49	72	75
49	73	88
49	74	94
49	75	95
49	76	57
49	77	24
49	78	98
49	79	66
49	80	89
49	81	77
49	82	7
49	83	43
49	84	50
50	51	50
50	52	17
50	53	97
50	54	3
50	55	95
50	56	2
50	57	20
50	58	37
50	59	24
50	60	46
50	61	32
50	62	75
50	63	44
50	64	77
50	65	100
50	66	62
50	67	19
50	68	76
50	69	6
50	70	93
50	71	27
50	72	3
50	73	41
50	74	17
50	75	66
50	76	67
50	77	34
50	78	25
50	79	24
50	80	88
50	81	16
50	82	99
50	83	56
50	84	91
51	52	64
51	53	73
51	54	58
51	55	48
51	56	96
51	57	44
51	58	41
51	59	7
51	60	78
51	61	92
51	62	30
51	63	71
51	64	96
51	65	24
51	66	75
51	67	12
51	68	84
51	69	88
51	70	70
51	71	47
51	72	56
51	73	57
51	74	30
51	75	75
51	76	49
51	77	8
51	78	89
51	79	35
51	80	62
51	81	62
51	82	47
51	83	43
51	84	67
52	53	40
52	54	48
52	55	12
52	56	44
52	57	72
52	58	61
52	59	66
52	60	79
52	61	18
52	62	37
52	63	61
52	64	52
52	65	88
52	66	62
52	67	24
52	68	13
52	69	61
52	70	51
52	71	78
52	72	42
52	73	41
52	74	94
52	75	43
52	76	54
52	77	3
52	78	72
52	79	68
52	80	15
52	81	79
52	82	48
52	83	26
52	84	59
53	54	9
53	55	28
53	56	75
53	57	77
53	58	15
53	59	81
53	60	37
53	61	75
53	62	98
53	63	91
53	64	30
53	65	21
53	66	77
53	67	72
53	68	89
53	69	22
53	70	53
53	71	4
53	72	16
53	73	55
53	74	30
53	75	2
53	76	39
53	77	12
53	78	95
53	79	23
53	80	23
53	81	100
53	82	12
53	83	53
53	84	97
54	55	90
54	56	83
54	57	57
54	58	12
54	59	78
54	60	80
54	61	84
54	62	5
54	63	29
54	64	40
54	65	63
54	66	22
54	67	26
54	68	23
54	69	56
54	70	39
54	71	40
54	72	92
54	73	59
54	74	30
54	75	68
54	76	9
54	77	38
54	78	69
54	79	15
54	80	26
54	81	58
54	82	51
54	83	49
54	84	45
55	56	43
55	57	68
55	58	9
55	59	41
55	60	31
55	61	18
55	62	96
55	63	98
55	64	88
55	65	6
55	66	65
55	67	58
55	68	12
55	69	59
55	70	2
55	71	13
55	72	29
55	73	61
55	74	71
55	75	27
55	76	74
55	77	42
55	78	88
55	79	7
55	80	58
55	81	75
55	82	53
55	83	69
55	84	9
56	57	91
56	58	83
56	59	63
56	60	65
56	61	54
56	62	39
56	63	70
56	64	29
56	65	65
56	66	14
56	67	19
56	68	73
56	69	82
56	70	98
56	71	86
56	72	13
56	73	20
56	74	25
56	75	89
56	76	64
56	77	40
56	78	31
56	79	66
56	80	40
56	81	87
56	82	98
56	83	90
56	84	37
57	58	30
57	59	32
57	60	89
57	61	6
57	62	91
57	63	65
57	64	86
57	65	74
57	66	79
57	67	16
57	68	41
57	69	65
57	70	80
57	71	58
57	72	61
57	73	100
57	74	20
57	75	41
57	76	60
57	77	65
57	78	42
57	79	61
57	80	61
57	81	21
57	82	30
57	83	87
57	84	40
58	59	39
58	60	1
58	61	84
58	62	70
58	63	57
58	64	51
58	65	22
58	66	60
58	67	71
58	68	52
58	69	10
58	70	64
58	71	18
58	72	1
58	73	15
58	74	83
58	75	92
58	76	19
58	77	62
58	78	97
58	79	92
58	80	67
58	81	42
58	82	21
58	83	99
58	84	41
59	60	75
59	61	100
59	62	18
59	63	96
59	64	88
59	65	81
59	66	57
59	67	26
59	68	96
59	69	90
59	70	31
59	71	53
59	72	34
59	73	62
59	74	54
59	75	26
59	76	32
59	77	97
59	78	41
59	79	72
59	80	36
59	81	13
59	82	20
59	83	40
59	84	94
60	61	61
60	62	86
60	63	48
60	64	45
60	65	63
60	66	39
60	67	57
60	68	35
60	69	5
60	70	2
60	71	87
60	72	54
60	73	62
60	74	100
60	75	61
60	76	96
60	77	91
60	78	65
60	79	27
60	80	79
60	81	28
60	82	17
60	83	87
60	84	97
61	62	37
61	63	42
61	64	77
61	65	95
61	66	91
61	67	18
61	68	85
61	69	89
61	70	96
61	71	9
61	72	22
61	73	13
61	74	77
61	75	54
61	76	2
61	77	56
61	78	37
61	79	100
61	80	69
61	81	87
61	82	81
61	83	77
61	84	2
62	63	95
62	64	34
62	65	70
62	66	98
62	67	61
62	68	17
62	69	91
62	70	79
62	71	12
62	72	73
62	73	18
62	74	29
62	75	16
62	76	44
62	77	96
62	78	80
62	79	25
62	80	36
62	81	24
62	82	24
62	83	39
62	84	13
63	64	11
63	65	59
63	66	16
63	67	95
63	68	7
63	69	20
63	70	31
63	71	25
63	72	68
63	73	82
63	74	90
63	75	94
63	76	76
63	77	95
63	78	79
63	79	57
63	80	100
63	81	95
63	82	14
63	83	48
63	84	42
64	65	81
64	66	70
64	67	67
64	68	34
64	69	8
64	70	27
64	71	87
64	72	29
64	73	80
64	74	54
64	75	17
64	76	96
64	77	53
64	78	62
64	79	42
64	80	2
64	81	38
64	82	46
64	83	16
64	84	30
65	66	88
65	67	86
65	68	83
65	69	40
65	70	61
65	71	69
65	72	27
65	73	28
65	74	75
65	75	88
65	76	31
65	77	26
65	78	95
65	79	37
65	80	93
65	81	77
65	82	76
65	83	87
65	84	24
66	67	57
66	68	78
66	69	32
66	70	27
66	71	10
66	72	53
66	73	7
66	74	6
66	75	9
66	76	49
66	77	86
66	78	83
66	79	17
66	80	71
66	81	80
66	82	91
66	83	30
66	84	1
67	68	85
67	69	18
67	70	24
67	71	60
67	72	95
67	73	71
67	74	79
67	75	89
67	76	9
67	77	26
67	78	91
67	79	50
67	80	61
67	81	41
67	82	28
67	83	32
67	84	61
68	69	24
68	70	93
68	71	20
68	72	51
68	73	40
68	74	38
68	75	60
68	76	57
68	77	28
68	78	12
68	79	18
68	80	75
68	81	100
68	82	4
68	83	20
68	84	9
69	70	13
69	71	47
69	72	98
69	73	60
69	74	9
69	75	3
69	76	9
69	77	83
69	78	71
69	79	19
69	80	57
69	81	16
69	82	98
69	83	97
69	84	92
70	71	31
70	72	14
70	73	7
70	74	29
70	75	47
70	76	54
70	77	82
70	78	65
70	79	7
70	80	33
70	81	5
70	82	21
70	83	14
70	84	26
71	72	96
71	73	47
71	74	82
71	75	3
71	76	68
71	77	26
71	78	53
71	79	64
71	80	37
71	81	35
71	82	44
71	83	20
71	84	2
72	73	80
72	74	12
72	75	3
72	76	39
72	77	95
72	78	61
72	79	65
72	80	93
72	81	42
72	82	59
72	83	10
72	84	27
73	74	80
73	75	72
73	76	53
73	77	59
73	78	99
73	79	52
73	80	7
73	81	76
73	82	80
73	83	46
73	84	56
74	75	23
74	76	91
74	77	32
74	78	53
74	79	24
74	80	15
74	81	8
74	82	16
74	83	100
74	84	80
75	76	6
75	77	86
75	78	93
75	79	54
75	80	74
75	81	73
75	82	55
75	83	63
75	84	46
76	77	76
76	78	91
76	79	65
76	80	12
76	81	100
76	82	55
76	83	45
76	84	67
77	78	65
77	79	57
77	80	90
77	81	18
77	82	54
77	83	82
77	84	52
78	79	53
78	80	35
78	81	100
78	82	15
78	83	69
78	84	14
79	80	66
79	81	61
79	82	51
79	83	57
79	84	6
80	81	8
80	82	11
80	83	6
80	84	56
81	82	75
81	83	14
81	84	64
82	83	51
82	84	91
83	84	55
